last-generated=2021-09-01
statistics-initialization=
{
  "linear": "0, 0, 0, 0",
  "nonlinear": "0, 0, 0, 0",
  "numerical Jacobians": "0"
}
statistics-simulation=
{
  "linear": "0, 0, 0, 0, 0, 0, 0, 0, 0, 0",
  "nonlinear": "0, 0, 0, 0",
  "number of continuous time states": "30",
  "numerical Jacobians": "0"
}
time=[1.6848e+07, 1.728e+07]
flo.TAirCor=[2.751499938964844e+02, 2.967941589355469e+02, 2.969605407714844e+02, 2.96962646484375e+02, 2.969662170410156e+02, 2.975331420898438e+02, 2.981239318847656e+02, 2.985099182128906e+02, 2.987963256835938e+02, 2.989190673828125e+02, 2.988471069335938e+02, 2.988689575195312e+02, 2.988974304199219e+02, 2.989297180175781e+02, 2.988961486816406e+02, 2.989026794433594e+02, 2.989136047363281e+02, 2.987674255371094e+02, 2.987862854003906e+02, 2.988496398925781e+02, 2.9887939453125e+02, 2.98758056640625e+02, 2.98682373046875e+02, 2.986946716308594e+02, 2.986869201660156e+02, 2.988646850585938e+02, 2.989480895996094e+02, 2.98955810546875e+02, 2.98962646484375e+02, 2.989658508300781e+02, 2.989700927734375e+02, 2.989811401367188e+02, 2.989988708496094e+02, 2.9902001953125e+02, 2.990409240722656e+02, 2.990792236328125e+02, 2.990873718261719e+02, 2.99074462890625e+02, 2.990794067382812e+02, 2.990863342285156e+02, 2.991499938964844e+02, 2.991499938964844e+02, 2.991499328613281e+02, 2.991499938964844e+02, 2.991499938964844e+02, 2.991499938964844e+02, 2.991543884277344e+02, 2.991510925292969e+02, 2.991500549316406e+02, 2.991499328613281e+02, 2.991499633789062e+02, 2.991507263183594e+02, 2.99150390625e+02, 2.991500244140625e+02, 2.99150146484375e+02, 2.991500854492188e+02, 2.991485595703125e+02, 2.991497497558594e+02, 2.991499633789062e+02, 2.991500549316406e+02, 2.991500549316406e+02, 2.99149658203125e+02, 2.991498107910156e+02, 2.991499938964844e+02, 2.991500244140625e+02, 2.991499938964844e+02, 2.991570129394531e+02, 2.991510009765625e+02, 2.991500549316406e+02, 2.991499633789062e+02, 2.991499938964844e+02, 2.99150634765625e+02, 2.991503601074219e+02, 2.991500244140625e+02, 2.991501770019531e+02, 2.991500549316406e+02, 2.991483459472656e+02, 2.991495971679688e+02, 2.991499633789062e+02, 2.991500549316406e+02, 2.991500549316406e+02, 2.991496276855469e+02, 2.991497802734375e+02, 2.991499938964844e+02, 2.991500244140625e+02, 2.991499938964844e+02, 2.991585693359375e+02, 2.991509399414062e+02, 2.991500549316406e+02, 2.991499328613281e+02, 2.991499938964844e+02, 2.991505126953125e+02, 2.991503295898438e+02, 2.991499938964844e+02, 2.991501770019531e+02, 2.991500854492188e+02, 2.991486206054688e+02, 2.991498413085938e+02, 2.991499633789062e+02, 2.991500854492188e+02, 2.991500244140625e+02]
flo.TAirSou=[2.751499938964844e+02, 2.96653564453125e+02, 2.968052368164062e+02, 2.967663269042969e+02, 2.967428283691406e+02, 2.973149719238281e+02, 2.9798046875e+02, 2.985784912109375e+02, 2.990868225097656e+02, 2.99150146484375e+02, 2.991510925292969e+02, 2.991513671875e+02, 2.991505126953125e+02, 2.991504516601562e+02, 2.991505737304688e+02, 2.991483459472656e+02, 2.991449279785156e+02, 2.988447570800781e+02, 2.988764953613281e+02, 2.98982177734375e+02, 2.990315246582031e+02, 2.987447204589844e+02, 2.986362915039062e+02, 2.98697509765625e+02, 2.986694946289062e+02, 2.9894921875e+02, 2.991524047851562e+02, 2.991513671875e+02, 2.991504516601562e+02, 2.991499633789062e+02, 2.991500244140625e+02, 2.991501770019531e+02, 2.991492004394531e+02, 2.991498413085938e+02, 2.991500244140625e+02, 2.991498718261719e+02, 2.991481323242188e+02, 2.9914990234375e+02, 2.991488647460938e+02, 2.991499633789062e+02, 2.991499328613281e+02, 2.991493530273438e+02, 2.991494140625e+02, 2.991498718261719e+02, 2.991498718261719e+02, 2.99150390625e+02, 2.991622314453125e+02, 2.991510314941406e+02, 2.99151123046875e+02, 2.991498413085938e+02, 2.991498718261719e+02, 2.991488037109375e+02, 2.991495361328125e+02, 2.991498107910156e+02, 2.991517944335938e+02, 2.991499938964844e+02, 2.991451110839844e+02, 2.991495056152344e+02, 2.99149169921875e+02, 2.991500549316406e+02, 2.991500244140625e+02, 2.991488037109375e+02, 2.991495361328125e+02, 2.991498107910156e+02, 2.991499633789062e+02, 2.991502685546875e+02, 2.991614990234375e+02, 2.991521911621094e+02, 2.991506958007812e+02, 2.991497497558594e+02, 2.9914990234375e+02, 2.991494750976562e+02, 2.991490173339844e+02, 2.991516723632812e+02, 2.9914990234375e+02, 2.991490783691406e+02, 2.991443481445312e+02, 2.991490478515625e+02, 2.991494445800781e+02, 2.991499938964844e+02, 2.991500244140625e+02, 2.991485290527344e+02, 2.991494445800781e+02, 2.991498718261719e+02, 2.991498718261719e+02, 2.991503295898438e+02, 2.991605834960938e+02, 2.991529541015625e+02, 2.991507568359375e+02, 2.991500244140625e+02, 2.991512756347656e+02, 2.991496887207031e+02, 2.991521301269531e+02, 2.9914697265625e+02, 2.991497192382812e+02, 2.991499938964844e+02, 2.991445007324219e+02, 2.99149169921875e+02, 2.991498107910156e+02, 2.991502075195312e+02, 2.991500244140625e+02]
flo.TAirNor=[2.751499938964844e+02, 2.966539306640625e+02, 2.968085632324219e+02, 2.967787475585938e+02, 2.9680322265625e+02, 2.974779968261719e+02, 2.980173950195312e+02, 2.985452270507812e+02, 2.989826965332031e+02, 2.991502380371094e+02, 2.991502685546875e+02, 2.991512756347656e+02, 2.991505432128906e+02, 2.991502990722656e+02, 2.991499938964844e+02, 2.991495971679688e+02, 2.991442565917969e+02, 2.987356872558594e+02, 2.987704772949219e+02, 2.988948059082031e+02, 2.989564514160156e+02, 2.986751403808594e+02, 2.985892028808594e+02, 2.986390991210938e+02, 2.986946716308594e+02, 2.990776977539062e+02, 2.991513366699219e+02, 2.991512451171875e+02, 2.991503295898438e+02, 2.991501159667969e+02, 2.991500854492188e+02, 2.991512145996094e+02, 2.991504821777344e+02, 2.9914990234375e+02, 2.991499938964844e+02, 2.991497802734375e+02, 2.99143310546875e+02, 2.991493835449219e+02, 2.991497497558594e+02, 2.991499328613281e+02, 2.9914990234375e+02, 2.991495056152344e+02, 2.991495361328125e+02, 2.991498718261719e+02, 2.991497802734375e+02, 2.99150390625e+02, 2.991608276367188e+02, 2.991525573730469e+02, 2.991502075195312e+02, 2.991499633789062e+02, 2.991499633789062e+02, 2.991509399414062e+02, 2.991509094238281e+02, 2.991498718261719e+02, 2.99150146484375e+02, 2.991499633789062e+02, 2.991441040039062e+02, 2.991495971679688e+02, 2.991492004394531e+02, 2.991500244140625e+02, 2.991500244140625e+02, 2.991489562988281e+02, 2.991495971679688e+02, 2.991498107910156e+02, 2.991498413085938e+02, 2.991502380371094e+02, 2.991603088378906e+02, 2.991520385742188e+02, 2.991505126953125e+02, 2.991499938964844e+02, 2.991499938964844e+02, 2.991510314941406e+02, 2.991504516601562e+02, 2.991502075195312e+02, 2.991498413085938e+02, 2.9914990234375e+02, 2.991424865722656e+02, 2.991490783691406e+02, 2.991494750976562e+02, 2.991499938964844e+02, 2.991499938964844e+02, 2.991487121582031e+02, 2.991495361328125e+02, 2.991498718261719e+02, 2.991497192382812e+02, 2.991502990722656e+02, 2.991595153808594e+02, 2.991523742675781e+02, 2.99150390625e+02, 2.991501159667969e+02, 2.991499938964844e+02, 2.991507263183594e+02, 2.991509399414062e+02, 2.991497497558594e+02, 2.991500244140625e+02, 2.991499633789062e+02, 2.991450500488281e+02, 2.991492919921875e+02, 2.991498107910156e+02, 2.991502075195312e+02, 2.991499938964844e+02]
flo.TAirEas=[2.751499938964844e+02, 2.967142639160156e+02, 2.96763916015625e+02, 2.967696228027344e+02, 2.969232177734375e+02, 2.98045166015625e+02, 2.987784118652344e+02, 2.991525573730469e+02, 2.991517028808594e+02, 2.991506042480469e+02, 2.991502685546875e+02, 2.991510620117188e+02, 2.991504821777344e+02, 2.991502075195312e+02, 2.991500244140625e+02, 2.991495971679688e+02, 2.991466674804688e+02, 2.989926452636719e+02, 2.990376586914062e+02, 2.99128662109375e+02, 2.991497192382812e+02, 2.989249572753906e+02, 2.988295288085938e+02, 2.98862548828125e+02, 2.989560241699219e+02, 2.991502380371094e+02, 2.991602478027344e+02, 2.991517944335938e+02, 2.991494140625e+02, 2.991507263183594e+02, 2.991501159667969e+02, 2.991511535644531e+02, 2.991502380371094e+02, 2.991498107910156e+02, 2.991500549316406e+02, 2.991498718261719e+02, 2.991482238769531e+02, 2.991492004394531e+02, 2.991497497558594e+02, 2.991499938964844e+02, 2.991499328613281e+02, 2.991492004394531e+02, 2.991492614746094e+02, 2.991498413085938e+02, 2.991496276855469e+02, 2.991499938964844e+02, 2.991780395507812e+02, 2.991544189453125e+02, 2.99149658203125e+02, 2.991508483886719e+02, 2.991499938964844e+02, 2.991506042480469e+02, 2.99150634765625e+02, 2.991498107910156e+02, 2.991502075195312e+02, 2.991499938964844e+02, 2.991452026367188e+02, 2.991494140625e+02, 2.99149169921875e+02, 2.991500549316406e+02, 2.991500549316406e+02, 2.991486511230469e+02, 2.991494140625e+02, 2.991498107910156e+02, 2.99149658203125e+02, 2.991497802734375e+02, 2.9917529296875e+02, 2.991534423828125e+02, 2.9914990234375e+02, 2.991509704589844e+02, 2.991500244140625e+02, 2.991507568359375e+02, 2.991501159667969e+02, 2.991501770019531e+02, 2.991499328613281e+02, 2.991499633789062e+02, 2.991452331542969e+02, 2.991488952636719e+02, 2.991494445800781e+02, 2.991500244140625e+02, 2.991500244140625e+02, 2.991484069824219e+02, 2.991493225097656e+02, 2.991498718261719e+02, 2.991495361328125e+02, 2.991497192382812e+02, 2.991656188964844e+02, 2.991505432128906e+02, 2.991501159667969e+02, 2.991506042480469e+02, 2.991500244140625e+02, 2.99150390625e+02, 2.991506958007812e+02, 2.991497192382812e+02, 2.991501159667969e+02, 2.991499938964844e+02, 2.9914453125e+02, 2.991493530273438e+02, 2.991497802734375e+02, 2.991502380371094e+02, 2.991500244140625e+02]
flo.TAirWes=[2.751499938964844e+02, 2.9693603515625e+02, 2.971179809570312e+02, 2.970810852050781e+02, 2.970438232421875e+02, 2.975610656738281e+02, 2.981806335449219e+02, 2.987342529296875e+02, 2.991539001464844e+02, 2.991502075195312e+02, 2.991502685546875e+02, 2.991557312011719e+02, 2.991546630859375e+02, 2.991500854492188e+02, 2.99150390625e+02, 2.991496887207031e+02, 2.991461181640625e+02, 2.990476379394531e+02, 2.990715026855469e+02, 2.991503601074219e+02, 2.991497802734375e+02, 2.989614868164062e+02, 2.988688354492188e+02, 2.989003295898438e+02, 2.988697509765625e+02, 2.99073486328125e+02, 2.991522521972656e+02, 2.991522216796875e+02, 2.99150634765625e+02, 2.991492309570312e+02, 2.991504821777344e+02, 2.991589965820312e+02, 2.991561889648438e+02, 2.991511535644531e+02, 2.991485900878906e+02, 2.991495666503906e+02, 2.991297302246094e+02, 2.991486206054688e+02, 2.991499938964844e+02, 2.991498413085938e+02, 2.9914990234375e+02, 2.991490783691406e+02, 2.99149169921875e+02, 2.991498413085938e+02, 2.9914990234375e+02, 2.991504211425781e+02, 2.991617431640625e+02, 2.991557922363281e+02, 2.991478271484375e+02, 2.991505432128906e+02, 2.991503295898438e+02, 2.991586608886719e+02, 2.991596374511719e+02, 2.991502075195312e+02, 2.991483764648438e+02, 2.991496276855469e+02, 2.991377563476562e+02, 2.991492309570312e+02, 2.99149169921875e+02, 2.991500854492188e+02, 2.991500549316406e+02, 2.991485595703125e+02, 2.991492614746094e+02, 2.991496887207031e+02, 2.991502990722656e+02, 2.99150390625e+02, 2.991613464355469e+02, 2.991529846191406e+02, 2.99150634765625e+02, 2.991487426757812e+02, 2.991500244140625e+02, 2.991608276367188e+02, 2.991581420898438e+02, 2.991499328613281e+02, 2.991501159667969e+02, 2.991494445800781e+02, 2.991332397460938e+02, 2.991483154296875e+02, 2.99148681640625e+02, 2.99150146484375e+02, 2.991499633789062e+02, 2.991483154296875e+02, 2.991492309570312e+02, 2.991498718261719e+02, 2.991495666503906e+02, 2.991504821777344e+02, 2.991604919433594e+02, 2.99152587890625e+02, 2.991533508300781e+02, 2.991500854492188e+02, 2.991499938964844e+02, 2.991571044921875e+02, 2.991585693359375e+02, 2.991497802734375e+02, 2.991495056152344e+02, 2.9914990234375e+02, 2.991405029296875e+02, 2.991490783691406e+02, 2.991497802734375e+02, 2.991502685546875e+02, 2.991500549316406e+02]
hea[1].conPID.y=[1e+00, 0e+00, 0e+00, 0e+00, 0e+00, 0e+00, 0e+00, 0e+00, 0e+00, 0e+00, 0e+00, 0e+00, 0e+00, 0e+00, 0e+00, 0e+00, 0e+00, 0e+00, 0e+00, 0e+00, 0e+00, 0e+00, 0e+00, 0e+00, 0e+00, 0e+00, 0e+00, 0e+00, 0e+00, 0e+00, 0e+00, 0e+00, 0e+00, 0e+00, 0e+00, 0e+00, 0e+00, 0e+00, 0e+00, 0e+00, 0e+00, 0e+00, 0e+00, 0e+00, 0e+00, 0e+00, 0e+00, 0e+00, 0e+00, 0e+00, 0e+00, 0e+00, 0e+00, 0e+00, 0e+00, 0e+00, 0e+00, 0e+00, 0e+00, 0e+00, 0e+00, 0e+00, 0e+00, 0e+00, 0e+00, 0e+00, 0e+00, 0e+00, 0e+00, 0e+00, 0e+00, 0e+00, 0e+00, 0e+00, 0e+00, 0e+00, 0e+00, 0e+00, 0e+00, 0e+00, 0e+00, 0e+00, 0e+00, 0e+00, 0e+00, 0e+00, 0e+00, 0e+00, 0e+00, 0e+00, 0e+00, 0e+00, 0e+00, 0e+00, 0e+00, 0e+00, 0e+00, 0e+00, 0e+00, 0e+00, 0e+00]
hea[2].conPID.y=[1e+00, 0e+00, 0e+00, 0e+00, 0e+00, 0e+00, 0e+00, 0e+00, 0e+00, 0e+00, 0e+00, 0e+00, 0e+00, 0e+00, 0e+00, 0e+00, 0e+00, 0e+00, 0e+00, 0e+00, 0e+00, 0e+00, 0e+00, 0e+00, 0e+00, 0e+00, 0e+00, 0e+00, 0e+00, 0e+00, 0e+00, 0e+00, 0e+00, 0e+00, 0e+00, 0e+00, 0e+00, 0e+00, 0e+00, 0e+00, 0e+00, 0e+00, 0e+00, 0e+00, 0e+00, 0e+00, 0e+00, 0e+00, 0e+00, 0e+00, 0e+00, 0e+00, 0e+00, 0e+00, 0e+00, 0e+00, 0e+00, 0e+00, 0e+00, 0e+00, 0e+00, 0e+00, 0e+00, 0e+00, 0e+00, 0e+00, 0e+00, 0e+00, 0e+00, 0e+00, 0e+00, 0e+00, 0e+00, 0e+00, 0e+00, 0e+00, 0e+00, 0e+00, 0e+00, 0e+00, 0e+00, 0e+00, 0e+00, 0e+00, 0e+00, 0e+00, 0e+00, 0e+00, 0e+00, 0e+00, 0e+00, 0e+00, 0e+00, 0e+00, 0e+00, 0e+00, 0e+00, 0e+00, 0e+00, 0e+00, 0e+00]
hea[3].conPID.y=[1e+00, 0e+00, 0e+00, 0e+00, 0e+00, 0e+00, 0e+00, 0e+00, 0e+00, 0e+00, 0e+00, 0e+00, 0e+00, 0e+00, 0e+00, 0e+00, 0e+00, 0e+00, 0e+00, 0e+00, 0e+00, 0e+00, 0e+00, 0e+00, 0e+00, 0e+00, 0e+00, 0e+00, 0e+00, 0e+00, 0e+00, 0e+00, 0e+00, 0e+00, 0e+00, 0e+00, 0e+00, 0e+00, 0e+00, 0e+00, 0e+00, 0e+00, 0e+00, 0e+00, 0e+00, 0e+00, 0e+00, 0e+00, 0e+00, 0e+00, 0e+00, 0e+00, 0e+00, 0e+00, 0e+00, 0e+00, 0e+00, 0e+00, 0e+00, 0e+00, 0e+00, 0e+00, 0e+00, 0e+00, 0e+00, 0e+00, 0e+00, 0e+00, 0e+00, 0e+00, 0e+00, 0e+00, 0e+00, 0e+00, 0e+00, 0e+00, 0e+00, 0e+00, 0e+00, 0e+00, 0e+00, 0e+00, 0e+00, 0e+00, 0e+00, 0e+00, 0e+00, 0e+00, 0e+00, 0e+00, 0e+00, 0e+00, 0e+00, 0e+00, 0e+00, 0e+00, 0e+00, 0e+00, 0e+00, 0e+00, 0e+00]
hea[4].conPID.y=[1e+00, 0e+00, 0e+00, 0e+00, 0e+00, 0e+00, 0e+00, 0e+00, 0e+00, 0e+00, 0e+00, 0e+00, 0e+00, 0e+00, 0e+00, 0e+00, 0e+00, 0e+00, 0e+00, 0e+00, 0e+00, 0e+00, 0e+00, 0e+00, 0e+00, 0e+00, 0e+00, 0e+00, 0e+00, 0e+00, 0e+00, 0e+00, 0e+00, 0e+00, 0e+00, 0e+00, 0e+00, 0e+00, 0e+00, 0e+00, 0e+00, 0e+00, 0e+00, 0e+00, 0e+00, 0e+00, 0e+00, 0e+00, 0e+00, 0e+00, 0e+00, 0e+00, 0e+00, 0e+00, 0e+00, 0e+00, 0e+00, 0e+00, 0e+00, 0e+00, 0e+00, 0e+00, 0e+00, 0e+00, 0e+00, 0e+00, 0e+00, 0e+00, 0e+00, 0e+00, 0e+00, 0e+00, 0e+00, 0e+00, 0e+00, 0e+00, 0e+00, 0e+00, 0e+00, 0e+00, 0e+00, 0e+00, 0e+00, 0e+00, 0e+00, 0e+00, 0e+00, 0e+00, 0e+00, 0e+00, 0e+00, 0e+00, 0e+00, 0e+00, 0e+00, 0e+00, 0e+00, 0e+00, 0e+00, 0e+00, 0e+00]
hea[5].conPID.y=[1e+00, 0e+00, 0e+00, 0e+00, 0e+00, 0e+00, 0e+00, 0e+00, 0e+00, 0e+00, 0e+00, 0e+00, 0e+00, 0e+00, 0e+00, 0e+00, 0e+00, 0e+00, 0e+00, 0e+00, 0e+00, 0e+00, 0e+00, 0e+00, 0e+00, 0e+00, 0e+00, 0e+00, 0e+00, 0e+00, 0e+00, 0e+00, 0e+00, 0e+00, 0e+00, 0e+00, 0e+00, 0e+00, 0e+00, 0e+00, 0e+00, 0e+00, 0e+00, 0e+00, 0e+00, 0e+00, 0e+00, 0e+00, 0e+00, 0e+00, 0e+00, 0e+00, 0e+00, 0e+00, 0e+00, 0e+00, 0e+00, 0e+00, 0e+00, 0e+00, 0e+00, 0e+00, 0e+00, 0e+00, 0e+00, 0e+00, 0e+00, 0e+00, 0e+00, 0e+00, 0e+00, 0e+00, 0e+00, 0e+00, 0e+00, 0e+00, 0e+00, 0e+00, 0e+00, 0e+00, 0e+00, 0e+00, 0e+00, 0e+00, 0e+00, 0e+00, 0e+00, 0e+00, 0e+00, 0e+00, 0e+00, 0e+00, 0e+00, 0e+00, 0e+00, 0e+00, 0e+00, 0e+00, 0e+00, 0e+00, 0e+00]
flo.sou.heaPorAir.Q_flow=[7.9415e+03, 0e+00, 0e+00, 0e+00, 0e+00, 0e+00, 0e+00, 0e+00, 0e+00, -4.262294921875e+02, -5.882625732421875e+02, -7.210665283203125e+02, -9.012394409179688e+02, -9.658958740234375e+02, -9.569697265625e+02, -4.382701110839844e+02, -1.866439514160156e+02, 0e+00, 0e+00, 0e+00, 0e+00, 0e+00, 0e+00, 0e+00, 0e+00, 0e+00, -6.291831970214844e+01, -2.556190490722656e+02, -4.69008056640625e+02, -7.312420043945312e+02, -9.16913330078125e+02, -1.019808837890625e+03, -9.690068969726562e+02, -8.736567993164062e+02, -8.558920288085938e+02, -7.43356201171875e+02, -5.659638671875e+02, -4.682961730957031e+02, -3.882043762207031e+02, -3.110989379882812e+02, -3.070382995605469e+02, -2.413025512695312e+02, -1.742875366210938e+02, -1.089348449707031e+02, -7.351189422607422e+01, -2.324894409179688e+02, -1.399474853515625e+03, -1.899973388671875e+03, -2.22629248046875e+03, -2.54793994140625e+03, -2.931086669921875e+03, -2.908310546875e+03, -2.838313720703125e+03, -2.775733154296875e+03, -2.217854248046875e+03, -1.423769653320312e+03, -1.130147338867188e+03, -9.406160888671875e+02, -7.569630126953125e+02, -5.900670776367188e+02, -5.10336669921875e+02, -4.119093627929688e+02, -3.277118530273438e+02, -2.562608032226562e+02, -2.006375427246094e+02, -3.595777587890625e+02, -1.483750122070312e+03, -1.931983032226562e+03, -2.254317138671875e+03, -2.6019794921875e+03, -2.663489013671875e+03, -2.9116064453125e+03, -2.83024365234375e+03, -2.962789794921875e+03, -2.255538818359375e+03, -1.707651611328125e+03, -1.143348754882812e+03, -9.5785302734375e+02, -7.8643408203125e+02, -6.517764892578125e+02, -5.442647705078125e+02, -4.3611279296875e+02, -3.214230651855469e+02, -2.517609558105469e+02, -2.041100311279297e+02, -3.4160693359375e+02, -1.517182739257812e+03, -1.931775390625e+03, -2.312045654296875e+03, -2.641642333984375e+03, -2.81093115234375e+03, -3.336552734375e+03, -3.511966796875e+03, -3.197665283203125e+03, -2.03260595703125e+03, -1.462662841796875e+03, -1.094349243164062e+03, -7.517328491210938e+02, -6.023605346679688e+02, -4.983904418945312e+02, -4.450039978027344e+02]
flo.eas.heaPorAir.Q_flow=[4.711e+03, 0e+00, 0e+00, 0e+00, 0e+00, 0e+00, 0e+00, -6.613813781738281e+01, -4.343005676269531e+02, -3.903355712890625e+02, -2.888410949707031e+02, -3.652050170898438e+02, -4.085950012207031e+02, -4.276375732421875e+02, -3.372535400390625e+02, -2.066460418701172e+02, -1.295036010742188e+02, 0e+00, 0e+00, 0e+00, -1.061222553253174e+01, 0e+00, 0e+00, 0e+00, 0e+00, -4.62662353515625e+02, -1.125196044921875e+03, -1.380535888671875e+03, -1.158871459960938e+03, -7.206641235351562e+02, -6.486689453125e+02, -7.017700805664062e+02, -7.41218994140625e+02, -6.9376123046875e+02, -6.521126098632812e+02, -5.705057983398438e+02, -4.761959838867188e+02, -4.039656982421875e+02, -3.463299865722656e+02, -3.029214477539062e+02, -2.942115478515625e+02, -2.475164794921875e+02, -1.974542236328125e+02, -1.498327026367188e+02, -1.595063323974609e+02, -4.374732055664062e+02, -1.633545043945312e+03, -2.197372314453125e+03, -2.140033447265625e+03, -1.757036010742188e+03, -1.623510009765625e+03, -1.776629150390625e+03, -1.812958374023438e+03, -1.793008178710938e+03, -1.298487060546875e+03, -9.616016235351562e+02, -7.943811645507812e+02, -6.7746533203125e+02, -5.618099365234375e+02, -4.561250610351562e+02, -4.015692443847656e+02, -3.358521118164062e+02, -2.788305969238281e+02, -2.299293060302734e+02, -2.343810424804688e+02, -5.674218139648438e+02, -1.799933471679688e+03, -2.308152099609375e+03, -2.222199462890625e+03, -1.791895629882812e+03, -1.617117309570312e+03, -1.762365600585938e+03, -1.7800947265625e+03, -1.7839443359375e+03, -1.280894897460938e+03, -9.935027465820312e+02, -7.936535034179688e+02, -6.848106079101562e+02, -5.770621337890625e+02, -4.89443115234375e+02, -4.189357299804688e+02, -3.47979736328125e+02, -2.735122985839844e+02, -2.259034118652344e+02, -2.392283782958984e+02, -6.061471557617188e+02, -1.73985986328125e+03, -1.876208251953125e+03, -1.868771118164062e+03, -1.770507080078125e+03, -1.614603393554688e+03, -1.775521362304688e+03, -1.83702880859375e+03, -1.793519653320312e+03, -1.29293896484375e+03, -9.76063232421875e+02, -7.6039013671875e+02, -5.42306884765625e+02, -4.593062438964844e+02, -3.910380554199219e+02, -3.531052551269531e+02]
flo.nor.heaPorAir.Q_flow=[7.9415e+03, 0e+00, 0e+00, 0e+00, 0e+00, 0e+00, 0e+00, 0e+00, 0e+00, -1.615277557373047e+02, -9.567397308349609e+01, -2.575774230957031e+02, -3.473390197753906e+02, -4.053797607421875e+02, -2.747029113769531e+02, -8.254795837402344e+01, 0e+00, 0e+00, 0e+00, 0e+00, 0e+00, 0e+00, 0e+00, 0e+00, 0e+00, 0e+00, -3.845365142822266e+01, -2.028046112060547e+02, -3.417328186035156e+02, -4.034334106445312e+02, -4.649702758789062e+02, -5.726285400390625e+02, -6.61484619140625e+02, -6.50490966796875e+02, -6.539653930664062e+02, -7.095719604492188e+02, -4.923468017578125e+02, -3.658684692382812e+02, -2.935458374023438e+02, -2.465791778564453e+02, -2.555663604736328e+02, -2.051874847412109e+02, -1.473016815185547e+02, -8.812517547607422e+01, -8.145912933349609e+01, -2.647292175292969e+02, -1.32120703125e+03, -1.790781127929688e+03, -2.020431640625e+03, -2.1520654296875e+03, -2.105635498046875e+03, -2.3902041015625e+03, -2.479470458984375e+03, -2.5037265625e+03, -1.74656689453125e+03, -1.312259155273438e+03, -1.014579650878906e+03, -8.362112426757812e+02, -6.706260986328125e+02, -5.202872314453125e+02, -4.508773803710938e+02, -3.6433056640625e+02, -2.887618103027344e+02, -2.247163238525391e+02, -2.038646697998047e+02, -4.085036926269531e+02, -1.421050903320312e+03, -1.82978759765625e+03, -2.057572021484375e+03, -2.18644970703125e+03, -2.094796142578125e+03, -2.367940185546875e+03, -2.430808349609375e+03, -2.494525390625e+03, -1.72990966796875e+03, -1.404674194335938e+03, -1.031285034179688e+03, -8.503624267578125e+02, -6.947032470703125e+02, -5.743721923828125e+02, -4.776994323730469e+02, -3.828649291992188e+02, -2.79236083984375e+02, -2.171349792480469e+02, -2.070327911376953e+02, -4.027512512207031e+02, -1.453869873046875e+03, -1.825060424804688e+03, -2.12314697265625e+03, -2.324849609375e+03, -2.17521923828125e+03, -2.462681640625e+03, -2.589412353515625e+03, -2.570705810546875e+03, -1.797729736328125e+03, -1.320051147460938e+03, -9.796454467773438e+02, -6.670723266601562e+02, -5.34175048828125e+02, -4.422958374023438e+02, -3.975762329101562e+02]
flo.wes.heaPorAir.Q_flow=[4.711e+03, 0e+00, 0e+00, 0e+00, 0e+00, 0e+00, 0e+00, 0e+00, -2.224941635131836e+01, -2.246062622070312e+02, -1.92453857421875e+02, -3.265225219726562e+02, -6.700050659179688e+02, -1.012190185546875e+03, -5.641258544921875e+02, -2.612572326660156e+02, -1.576237945556641e+02, 0e+00, 0e+00, -8.659945487976074e+00, -3.239885711669922e+01, 0e+00, 0e+00, 0e+00, 0e+00, 0e+00, -9.604512786865234e+01, -2.885684814453125e+02, -4.720282287597656e+02, -4.537719421386719e+02, -5.960352172851562e+02, -7.6897216796875e+02, -1.233171264648438e+03, -1.701331909179688e+03, -1.767403564453125e+03, -1.454913208007812e+03, -6.886980590820312e+02, -4.914641723632812e+02, -4.235000305175781e+02, -4.007987060546875e+02, -3.683636474609375e+02, -3.17255615234375e+02, -2.616747131347656e+02, -2.084398345947266e+02, -1.752635803222656e+02, -2.607767333984375e+02, -9.2924267578125e+02, -1.312238525390625e+03, -1.516228149414062e+03, -1.589806274414062e+03, -1.539975830078125e+03, -1.869769165039062e+03, -2.45073095703125e+03, -2.898479736328125e+03, -2.15519091796875e+03, -1.567112182617188e+03, -1.013546081542969e+03, -7.393627319335938e+02, -6.181344604492188e+02, -5.1057275390625e+02, -4.541011657714844e+02, -3.807473449707031e+02, -3.1953515625e+02, -2.550513458251953e+02, -2.245391387939453e+02, -3.062214965820312e+02, -9.823987426757812e+02, -1.292304565429688e+03, -1.492668334960938e+03, -1.633786743164062e+03, -1.603911254882812e+03, -1.862281860351562e+03, -2.47347412109375e+03, -2.892003662109375e+03, -2.401842529296875e+03, -1.742149658203125e+03, -1.007146179199219e+03, -7.765633544921875e+02, -6.6046875e+02, -5.7581103515625e+02, -4.961358642578125e+02, -4.178414001464844e+02, -3.380661926269531e+02, -2.850101013183594e+02, -2.368715972900391e+02, -3.05107666015625e+02, -9.891310424804688e+02, -1.229095581054688e+03, -1.457726440429688e+03, -1.563687377929688e+03, -1.476574096679688e+03, -1.713558471679688e+03, -2.254636962890625e+03, -2.780159423828125e+03, -2.15793017578125e+03, -1.346839965820312e+03, -8.818560180664062e+02, -6.039608154296875e+02, -5.081187744140625e+02, -4.308315734863281e+02, -3.935367736816406e+02]
flo.cor.heaPorAir.Q_flow=[1.0476017578125e+04, 0e+00, 0e+00, 0e+00, 0e+00, 0e+00, 0e+00, 0e+00, 0e+00, 0e+00, 0e+00, 0e+00, 0e+00, 0e+00, 0e+00, 0e+00, 0e+00, 0e+00, 0e+00, 0e+00, 0e+00, 0e+00, 0e+00, 0e+00, 0e+00, 0e+00, 0e+00, 0e+00, 0e+00, 0e+00, 0e+00, 0e+00, 0e+00, 0e+00, 0e+00, 0e+00, 0e+00, 0e+00, 0e+00, 0e+00, -4.834469223022461e+01, -5.439128875732422e+01, -4.847611618041992e+01, -3.658866500854492e+01, -4.634055328369141e+01, -9.644526672363281e+01, -1.173175048828125e+03, -1.452783203125e+03, -1.579798828125e+03, -1.653689697265625e+03, -1.441359985351562e+03, -1.774698486328125e+03, -1.838265380859375e+03, -1.896045532226562e+03, -1.045453369140625e+03, -6.827273559570312e+02, -5.37822509765625e+02, -4.733149108886719e+02, -3.988571472167969e+02, -3.359933166503906e+02, -2.82469970703125e+02, -2.476193542480469e+02, -2.198447113037109e+02, -1.905459899902344e+02, -1.816900024414062e+02, -2.156898956298828e+02, -1.289500610351562e+03, -1.5607607421875e+03, -1.670853515625e+03, -1.732815673828125e+03, -1.502879272460938e+03, -1.822182739257812e+03, -1.87910498046875e+03, -1.9336708984375e+03, -1.08260595703125e+03, -7.260878295898438e+02, -5.767760009765625e+02, -5.009488220214844e+02, -4.224350891113281e+02, -3.573970031738281e+02, -3.020511779785156e+02, -2.639948425292969e+02, -2.319497833251953e+02, -2.039250640869141e+02, -1.950362243652344e+02, -2.328360595703125e+02, -1.316747924804688e+03, -1.57248876953125e+03, -1.681106323242188e+03, -1.754359619140625e+03, -1.524887817382812e+03, -1.844881469726562e+03, -1.896172607421875e+03, -1.941222045898438e+03, -1.08364208984375e+03, -6.939901123046875e+02, -5.43448486328125e+02, -4.774063415527344e+02, -3.963104858398438e+02, -3.325562438964844e+02, -2.782803344726562e+02]
EHea.y=[0e+00, 1.7131892e+07, 1.7131892e+07, 1.7131892e+07, 1.7131892e+07, 1.7131892e+07, 1.7131892e+07, 1.7131892e+07, 1.7131892e+07, 1.7131892e+07, 1.7131892e+07, 1.7131892e+07, 1.7131892e+07, 1.7131892e+07, 1.7131892e+07, 1.7131892e+07, 1.7131892e+07, 1.7131892e+07, 1.7131892e+07, 1.7131892e+07, 1.7131892e+07, 1.7131892e+07, 1.7131892e+07, 1.7131892e+07, 1.7131892e+07, 1.7131892e+07, 1.7131892e+07, 1.7131892e+07, 1.7131892e+07, 1.7131892e+07, 1.7131892e+07, 1.7131892e+07, 1.7131892e+07, 1.7131892e+07, 1.7131892e+07, 1.7131892e+07, 1.7131892e+07, 1.7131892e+07, 1.7131892e+07, 1.7131892e+07, 1.7131892e+07, 1.7131892e+07, 1.7131892e+07, 1.7131892e+07, 1.7131892e+07, 1.7131892e+07, 1.7131892e+07, 1.7131892e+07, 1.7131892e+07, 1.7131892e+07, 1.7131892e+07, 1.7131892e+07, 1.7131892e+07, 1.7131892e+07, 1.7131892e+07, 1.7131892e+07, 1.7131892e+07, 1.7131892e+07, 1.7131892e+07, 1.7131892e+07, 1.7131892e+07, 1.7131892e+07, 1.7131892e+07, 1.7131892e+07, 1.7131892e+07, 1.7131892e+07, 1.7131892e+07, 1.7131892e+07, 1.7131892e+07, 1.7131892e+07, 1.7131892e+07, 1.7131892e+07, 1.7131892e+07, 1.7131892e+07, 1.7131892e+07, 1.7131892e+07, 1.7131892e+07, 1.7131892e+07, 1.7131892e+07, 1.7131892e+07, 1.7131892e+07, 1.7131892e+07, 1.7131892e+07, 1.7131892e+07, 1.7131892e+07, 1.7131892e+07, 1.7131892e+07, 1.7131892e+07, 1.7131892e+07, 1.7131892e+07, 1.7131892e+07, 1.7131892e+07, 1.7131892e+07, 1.7131892e+07, 1.7131892e+07, 1.7131892e+07, 1.7131892e+07, 1.7131892e+07, 1.7131892e+07, 1.7131892e+07, 1.7131892e+07]
ECoo.y=[0e+00, -1.7296455e+06, -1.7296455e+06, -1.7296455e+06, -1.7296455e+06, -1.7296455e+06, -1.7296455e+06, -1.753035375e+06, -2.8888905e+06, -6.5580935e+06, -1.0618217e+07, -1.6713609e+07, -2.5357292e+07, -3.6509364e+07, -4.7034732e+07, -5.3851992e+07, -5.7313248e+07, -5.7675192e+07, -5.7675192e+07, -5.767908e+07, -5.7863964e+07, -5.788462e+07, -5.788462e+07, -5.788462e+07, -5.788462e+07, -5.8654572e+07, -6.241988e+07, -6.9889264e+07, -8.007444e+07, -9.0398304e+07, -1.00948544e+08, -1.13171432e+08, -1.27527944e+08, -1.4386896e+08, -1.609952e+08, -1.77072864e+08, -1.89677328e+08, -1.98083424e+08, -2.05064416e+08, -2.10890416e+08, -2.16716784e+08, -2.21786704e+08, -2.2591976e+08, -2.28996816e+08, -2.3129576e+08, -2.35168272e+08, -2.4759088e+08, -2.80412384e+08, -3.200896e+08, -3.61716896e+08, -4.02202016e+08, -4.48122112e+08, -4.95570528e+08, -5.4624896e+08, -5.88547328e+08, -6.18367488e+08, -6.410864e+08, -6.58312448e+08, -6.73148544e+08, -6.84603456e+08, -6.9417216e+08, -7.02466496e+08, -7.09320384e+08, -7.15016256e+08, -7.19558784e+08, -7.25791488e+08, -7.40482944e+08, -7.75139008e+08, -8.155008e+08, -8.58144448e+08, -8.98877824e+08, -9.44314624e+08, -9.91972544e+08, -1.042577664e+09, -1.086559104e+09, -1.11838976e+09, -1.142635776e+09, -1.160341504e+09, -1.175662208e+09, -1.187962496e+09, -1.198374144e+09, -1.207211648e+09, -1.214240128e+09, -1.219990656e+09, -1.224705792e+09, -1.231047936e+09, -1.246371456e+09, -1.279857152e+09, -1.318940544e+09, -1.361252096e+09, -1.402299136e+09, -1.44919296e+09, -1.498895488e+09, -1.552629376e+09, -1.59580288e+09, -1.624620416e+09, -1.646443904e+09, -1.661632768e+09, -1.673702016e+09, -1.683489664e+09, -1.691894272e+09]
coo[1].conPID.y=[0e+00, 0e+00, 0e+00, 0e+00, 0e+00, 0e+00, 0e+00, 0e+00, 0e+00, 7.513961941003799e-02, 1.037042886018753e-01, 1.271161884069443e-01, 1.588786989450455e-01, 1.702769249677658e-01, 1.687033474445343e-01, 7.726225256919861e-02, 3.290329873561859e-02, 0e+00, 0e+00, 0e+00, 0e+00, 0e+00, 0e+00, 0e+00, 0e+00, 0e+00, 1.10918153077364e-02, 4.506285488605499e-02, 8.268101513385773e-02, 1.289100050926208e-01, 1.616418361663818e-01, 1.797811985015869e-01, 1.708253622055054e-01, 1.540161818265915e-01, 1.508844494819641e-01, 1.310455948114395e-01, 9.977326542139053e-02, 8.255551755428314e-02, 6.843620538711548e-02, 5.484335497021675e-02, 5.412751063704491e-02, 4.253901168704033e-02, 3.072499670088291e-02, 1.92040279507637e-02, 1.295934617519379e-02, 4.0985357016325e-02, 2.467121779918671e-01, 3.349446356296539e-01, 3.924711346626282e-01, 4.491740763187408e-01, 5.167186856269836e-01, 5.127034783363342e-01, 5.00363826751709e-01, 4.893315434455872e-01, 3.909835517406464e-01, 2.509950697422028e-01, 1.992326676845551e-01, 1.65820375084877e-01, 1.334443390369415e-01, 1.040224060416222e-01, 8.99667963385582e-02, 7.26151317358017e-02, 5.777202919125557e-02, 4.517598822712898e-02, 3.537021204829216e-02, 6.338964402675629e-02, 2.615689933300018e-01, 3.405875861644745e-01, 3.97411584854126e-01, 4.587006568908691e-01, 4.695441126823425e-01, 5.132845044136047e-01, 4.989411532878876e-01, 5.223075747489929e-01, 3.976269662380219e-01, 3.01040381193161e-01, 2.015599310398102e-01, 1.6885906457901e-01, 1.386397778987885e-01, 1.14901103079319e-01, 9.594795107841492e-02, 7.688193768262863e-02, 5.66633865237236e-02, 4.438271373510361e-02, 3.598237782716751e-02, 6.022158265113831e-02, 2.674627900123596e-01, 3.4055095911026e-01, 4.075884521007538e-01, 4.656927883625031e-01, 4.955365657806396e-01, 5.881979465484619e-01, 6.191214919090271e-01, 5.63713550567627e-01, 3.583263158798218e-01, 2.578515410423279e-01, 1.929218620061874e-01, 1.32522314786911e-01, 1.06189601123333e-01, 8.786080777645111e-02, 7.844936102628708e-02]
coo[2].conPID.y=[0e+00, 0e+00, 0e+00, 0e+00, 0e+00, 0e+00, 0e+00, 1.965472102165222e-02, 1.29064068198204e-01, 1.159986779093742e-01, 8.583687245845795e-02, 1.085304617881775e-01, 1.214249655604362e-01, 1.270839720964432e-01, 1.002239361405373e-01, 6.141041219234467e-02, 3.848547115921974e-02, 0e+00, 0e+00, 0e+00, 3.15370736643672e-03, 0e+00, 0e+00, 0e+00, 0e+00, 1.374925225973129e-01, 3.34382176399231e-01, 4.102632701396942e-01, 3.443897366523743e-01, 2.14164674282074e-01, 1.927693784236908e-01, 2.085497975349426e-01, 2.202730923891068e-01, 2.061697691679001e-01, 1.937927603721619e-01, 1.695411056280136e-01, 1.415144056081772e-01, 1.200492456555367e-01, 1.029212474822998e-01, 9.002123028039932e-02, 8.74328538775444e-02, 7.355616241693497e-02, 5.867882072925568e-02, 4.452680796384811e-02, 4.740158468484879e-02, 1.300068944692612e-01, 4.85451728105545e-01, 6.530081033706665e-01, 6.359683275222778e-01, 5.221503973007202e-01, 4.824695587158203e-01, 5.279729962348938e-01, 5.387691855430603e-01, 5.328404903411865e-01, 3.858802318572998e-01, 2.857657074928284e-01, 2.360716611146927e-01, 2.01326996088028e-01, 1.669568866491318e-01, 1.355497986078262e-01, 1.193370670080185e-01, 9.980746358633041e-02, 8.286198973655701e-02, 6.832966208457947e-02, 6.965261697769165e-02, 1.68624609708786e-01, 5.348984599113464e-01, 6.859292984008789e-01, 6.603861451148987e-01, 5.325098633766174e-01, 4.805697798728943e-01, 5.237342119216919e-01, 5.290029048919678e-01, 5.301468968391418e-01, 3.806522488594055e-01, 2.952460050582886e-01, 2.358554154634476e-01, 2.035098373889923e-01, 1.71489492058754e-01, 1.454511433839798e-01, 1.244979873299599e-01, 1.034115105867386e-01, 8.128151297569275e-02, 6.713325530290604e-02, 7.109313458204269e-02, 1.801328957080841e-01, 5.170460343360901e-01, 5.575655698776245e-01, 5.55355429649353e-01, 5.261536836624146e-01, 4.798226952552795e-01, 5.276437997817993e-01, 5.459223985671997e-01, 5.329924821853638e-01, 3.842315077781677e-01, 2.900633811950684e-01, 2.259703129529953e-01, 1.611610502004623e-01, 1.364951729774475e-01, 1.162074506282806e-01, 1.049346923828125e-01]
coo[3].conPID.y=[0e+00, 0e+00, 0e+00, 0e+00, 0e+00, 0e+00, 0e+00, 0e+00, 0e+00, 2.847558446228504e-02, 1.686627976596355e-02, 4.540809243917465e-02, 6.123208627104759e-02, 7.146403938531876e-02, 4.842713102698326e-02, 1.455230638384819e-02, 0e+00, 0e+00, 0e+00, 0e+00, 0e+00, 0e+00, 0e+00, 0e+00, 0e+00, 0e+00, 6.7789601162076e-03, 3.575224429368973e-02, 6.024377793073654e-02, 7.112091779708862e-02, 8.196919411420822e-02, 1.009481772780418e-01, 1.166125386953354e-01, 1.146744787693024e-01, 1.152869835495949e-01, 1.250898092985153e-01, 8.67953822016716e-02, 6.449862569570541e-02, 5.174893513321877e-02, 4.346922412514687e-02, 4.505356773734093e-02, 3.617231920361519e-02, 2.59676817804575e-02, 1.55355092138052e-02, 1.436035800725222e-02, 4.66688796877861e-02, 2.329144179821014e-01, 3.156952261924744e-01, 3.561801016330719e-01, 3.793857395648956e-01, 3.712005913257599e-01, 4.21366959810257e-01, 4.37103658914566e-01, 4.41379725933075e-01, 3.079007267951965e-01, 2.313369959592819e-01, 1.788593381643295e-01, 1.474149376153946e-01, 1.182240769267082e-01, 9.172097593545914e-02, 7.948476821184158e-02, 6.422751396894455e-02, 5.090556666254997e-02, 3.961504250764847e-02, 3.593912348151207e-02, 7.201474905014038e-02, 2.505157887935638e-01, 3.225716352462769e-01, 3.62727552652359e-01, 3.854472637176514e-01, 3.692897856235504e-01, 4.174420833587646e-01, 4.285250604152679e-01, 4.397576749324799e-01, 3.049642443656921e-01, 2.476287633180618e-01, 1.818043291568756e-01, 1.49909645318985e-01, 1.224686205387115e-01, 1.012555658817291e-01, 8.421321213245392e-02, 6.749492138624191e-02, 4.922628402709961e-02, 3.827853500843048e-02, 3.649762645363808e-02, 7.100066542625427e-02, 2.563014328479767e-01, 3.217382729053497e-01, 3.742876946926117e-01, 4.098456501960754e-01, 3.834674954414368e-01, 4.341439604759216e-01, 4.564852118492126e-01, 4.531874358654022e-01, 3.169201910495758e-01, 2.327106595039368e-01, 1.72700822353363e-01, 1.175975948572159e-01, 9.41692441701889e-02, 7.797194272279739e-02, 7.008836418390274e-02]
coo[4].conPID.y=[0e+00, 0e+00, 0e+00, 0e+00, 0e+00, 0e+00, 0e+00, 0e+00, 6.612010765820742e-03, 6.674777716398239e-02, 5.719282478094101e-02, 9.703493118286133e-02, 1.991099715232849e-01, 3.007994592189789e-01, 1.67645126581192e-01, 7.763959467411041e-02, 4.684213921427727e-02, 0e+00, 0e+00, 2.573535079136491e-03, 9.628188796341419e-03, 0e+00, 0e+00, 0e+00, 0e+00, 0e+00, 2.854238636791706e-02, 8.575586974620819e-02, 1.40275850892067e-01, 1.348505020141602e-01, 1.771278530359268e-01, 2.285207062959671e-01, 3.664699196815491e-01, 5.05596399307251e-01, 5.252313613891602e-01, 4.323664605617523e-01, 2.046650946140289e-01, 1.460517644882202e-01, 1.258543878793716e-01, 1.191080883145332e-01, 1.094691380858421e-01, 9.428101778030396e-02, 7.776366174221039e-02, 6.194348633289337e-02, 5.208427459001541e-02, 7.749679684638977e-02, 2.761493921279907e-01, 3.899668753147125e-01, 4.505878388881683e-01, 4.724535942077637e-01, 4.576451182365417e-01, 5.556520819664001e-01, 7.283003926277161e-01, 8.61361026763916e-01, 6.404727697372437e-01, 4.657094180583954e-01, 3.012024164199829e-01, 2.197214663028717e-01, 1.836952269077301e-01, 1.517303884029388e-01, 1.34948343038559e-01, 1.131492853164673e-01, 9.495844691991806e-02, 7.579534500837326e-02, 6.672782450914383e-02, 9.100193530321121e-02, 2.91946142911911e-01, 3.840429484844208e-01, 4.435864388942719e-01, 4.85523521900177e-01, 4.766452610492706e-01, 5.5342698097229e-01, 7.350592017173767e-01, 8.594364523887634e-01, 7.137718796730042e-01, 5.177264809608459e-01, 2.993005216121674e-01, 2.307766228914261e-01, 1.962760090827942e-01, 1.711176782846451e-01, 1.474400758743286e-01, 1.241727769374847e-01, 1.00465439260006e-01, 8.46983939409256e-02, 7.039275020360947e-02, 9.067092090845108e-02, 2.939468026161194e-01, 3.652587234973907e-01, 4.332025051116943e-01, 4.646916687488556e-01, 4.388036131858826e-01, 5.09229838848114e-01, 6.700258851051331e-01, 8.26198935508728e-01, 6.412868499755859e-01, 4.002496004104614e-01, 2.620671689510345e-01, 1.794831603765488e-01, 1.510011255741119e-01, 1.280331462621689e-01, 1.169500127434731e-01]
coo[5].conPID.y=[0e+00, 0e+00, 0e+00, 0e+00, 0e+00, 0e+00, 0e+00, 0e+00, 0e+00, 0e+00, 0e+00, 0e+00, 0e+00, 0e+00, 0e+00, 0e+00, 0e+00, 0e+00, 0e+00, 0e+00, 0e+00, 0e+00, 0e+00, 0e+00, 0e+00, 0e+00, 0e+00, 0e+00, 0e+00, 0e+00, 0e+00, 0e+00, 0e+00, 0e+00, 0e+00, 0e+00, 0e+00, 0e+00, 0e+00, 0e+00, 6.460715550929308e-03, 7.268773391842842e-03, 6.478278432041407e-03, 4.889656789600849e-03, 6.192884873598814e-03, 1.288880687206984e-02, 1.567814350128174e-01, 1.941478550434113e-01, 2.111220508813858e-01, 2.209967225790024e-01, 1.926212757825851e-01, 2.37168163061142e-01, 2.456631511449814e-01, 2.533847987651825e-01, 1.397128850221634e-01, 9.123870730400085e-02, 7.187382876873016e-02, 6.325312703847885e-02, 5.330269411206245e-02, 4.490166530013084e-02, 3.774888068437576e-02, 3.309149295091629e-02, 2.937973104417324e-02, 2.546429075300694e-02, 2.428079210221767e-02, 2.882448770105839e-02, 1.723270118236542e-01, 2.085778266191483e-01, 2.232904732227325e-01, 2.315709888935089e-01, 2.008426338434219e-01, 2.43513897061348e-01, 2.511208951473236e-01, 2.584129869937897e-01, 1.446778923273087e-01, 9.703333675861359e-02, 7.707951217889786e-02, 6.694608181715012e-02, 5.645361915230751e-02, 4.776202142238617e-02, 4.036568477749825e-02, 3.527989238500595e-02, 3.099743649363518e-02, 2.725225314497948e-02, 2.606436051428318e-02, 3.111587651073933e-02, 1.759683042764664e-01, 2.101451307535172e-01, 2.246606349945068e-01, 2.34450101852417e-01, 2.037838101387024e-01, 2.465472966432571e-01, 2.534017860889435e-01, 2.594221234321594e-01, 1.448163688182831e-01, 9.274384379386902e-02, 7.262567430734634e-02, 6.37998953461647e-02, 5.296236649155617e-02, 4.444233700633049e-02, 3.718898072838783e-02]
