last-generated=2020-09-04
statistics-initialization=
{
  "linear": "8"
}
statistics-simulation=
{
  "linear": "0, 0, 5, 0",
  "nonlinear": " ",
  "number of continuous time states": "6",
  "numerical Jacobians": "0"
}
time=[0e+00, 3.1536e+07]
thermalZoneFourElements.TAir=[2.951499938964844e+02, 2.939877807617187e+02, 2.898493774414063e+02, 2.906075561523438e+02, 2.931634216308594e+02, 2.907243041992188e+02, 2.917752197265625e+02, 2.931903259277344e+02, 2.911160095214844e+02, 2.925032104492187e+02, 2.955379028320312e+02, 2.925761962890625e+02, 2.935295227050781e+02, 2.98400146484375e+02, 2.949264770507813e+02, 2.966052551269531e+02, 2.993030822753906e+02, 2.974297912597656e+02, 3.018972595214844e+02, 3.003303283691406e+02, 3.012616271972656e+02, 3.035077270507812e+02, 3.005458618164063e+02, 2.982715148925781e+02, 3.037386047363281e+02, 3.034785461425781e+02, 3.035960388183594e+02, 3.046875305175781e+02, 3.024184631347656e+02, 3.036743103027344e+02, 3.094997863769531e+02, 3.038951110839844e+02, 3.062343017578125e+02, 3.127442077636719e+02, 3.083274353027344e+02, 3.092308044433594e+02, 3.136573608398438e+02, 3.061639770507812e+02, 3.085578186035156e+02, 3.118838623046875e+02, 3.078106994628906e+02, 3.104696472167969e+02, 3.133976928710937e+02, 3.117376037597656e+02, 3.154105895996094e+02, 3.108587951660156e+02, 3.066288940429687e+02, 3.093175659179688e+02, 3.067631469726563e+02, 3.073646728515625e+02, 3.142976379394531e+02, 3.087919677734375e+02, 3.09466015625e+02, 3.14251123046875e+02, 3.084812255859375e+02, 3.079246215820312e+02, 3.138970336914062e+02, 3.090796020507813e+02, 3.109781860351562e+02, 3.151083984375e+02, 3.106253051757812e+02, 3.147685180664063e+02, 3.082776550292969e+02, 3.067320983886719e+02, 3.105736083984375e+02, 3.050107727050781e+02, 3.058593322753906e+02, 3.101871215820312e+02, 3.058945129394531e+02, 3.070435913085938e+02, 3.089317932128906e+02, 3.062405578613281e+02, 3.056051147460938e+02, 3.089679260253906e+02, 3.020562683105469e+02, 3.023934326171875e+02, 3.077946533203125e+02, 3.020644958496094e+02, 3.047052551269531e+02, 3.061397094726562e+02, 3.019317321777344e+02, 3.032009704589844e+02, 2.9997578125e+02, 2.988747253417969e+02, 3.015002075195313e+02, 2.957136840820312e+02, 2.949596374511719e+02, 2.986500305175781e+02, 2.948954467773438e+02, 2.967727478027344e+02, 2.980683898925781e+02, 2.946527526855469e+02, 2.942497192382813e+02, 2.953590393066406e+02, 2.919245056152344e+02, 2.922914428710938e+02, 2.9313837890625e+02, 2.911127136230469e+02, 2.937572875976563e+02, 2.922345642089844e+02, 2.913607482910156e+02]
