last-generated=2021-09-27
statistics-initialization=
{
  "linear": "19",
  "nonlinear": "14, 1",
  "numerical Jacobians": "0"
}
statistics-simulation=
{
  "linear": "11, 0, 0, 0, 0, 0, 0, 0, 0, 0, 0, 0, 0",
  "nonlinear": "1, 1",
  "number of continuous time states": "62",
  "numerical Jacobians": "0"
}
time=[0e+00, 5.048e+05]
con.TRoo=[2.931499938964844e+02, 2.88142490563556e+02, 2.881127402072482e+02, 2.881038405354818e+02, 2.881000827365451e+02, 2.881053514268663e+02, 2.931443680786932e+02, 2.931300193277995e+02, 2.981718925866986e+02, 2.98293638305664e+02, 2.983100226508246e+02, 2.982590517849392e+02, 2.978429675292969e+02, 2.943653949652778e+02, 2.905027209472656e+02, 2.881288940429687e+02, 2.881104720052084e+02, 2.880943627929688e+02, 2.880831616210937e+02, 2.880738129340278e+02, 2.88067815483941e+02, 2.880622642008464e+02, 2.880577103678385e+02, 2.892975412326389e+02, 2.930068277994791e+02, 2.930207112630208e+02, 2.930183412000868e+02, 2.930159704589844e+02, 2.930114695909288e+02, 2.930008228217231e+02, 2.89669418962612e+02, 2.88053260023329e+02, 2.880410481770833e+02, 2.880349157714843e+02, 2.880326331922743e+02, 2.880318939208984e+02, 2.880330053710937e+02, 2.880324977620443e+02, 2.88028938937717e+02, 2.880263142903646e+02, 2.884727288140191e+02, 2.929786382378472e+02, 2.930334956868489e+02, 2.941742317708333e+02, 2.959698980034722e+02, 2.941316719584416e+02, 2.93073681233724e+02, 2.930123076036242e+02, 2.880566345214844e+02, 2.880372037760417e+02, 2.880303582085504e+02, 2.880259513346354e+02, 2.8801913804796e+02, 2.880155591498481e+02, 2.880155419921875e+02, 2.880149291992187e+02, 2.880157634819878e+02, 2.880462005615234e+02, 2.930619186740452e+02, 2.948840014903127e+02, 2.982105916341146e+02, 2.982333461507162e+02, 2.982155871582031e+02, 2.962720257334581e+02, 2.930395392523872e+02, 2.880738562689887e+02, 2.880471105957031e+02, 2.880355316840278e+02, 2.880344753689236e+02, 2.880336850992838e+02, 2.880348361545139e+02, 2.880580569118924e+02, 2.880601782226562e+02, 2.880610432942709e+02, 2.880942624240452e+02, 2.932174621212832e+02, 2.981916193654617e+02, 2.982762651909722e+02, 2.982973604329427e+02, 2.982752461073134e+02, 2.980517205132379e+02, 2.949741473691031e+02, 2.905451761881511e+02, 2.881290222846137e+02, 2.881018880208333e+02, 2.880932118733724e+02, 2.880896404351129e+02, 2.880864971923828e+02, 2.880943122016059e+02, 2.880908914523654e+02, 2.880886413574219e+02, 2.881090240478516e+02, 2.931770947965364e+02, 2.982236232503255e+02, 2.983076524522569e+02, 2.983367123074001e+02, 2.983041853841146e+02, 2.982252966986762e+02, 2.964638175100415e+02, 2.926118414306641e+02, 2.887204895019531e+02]
con.TSetRooHea=[2.881499938964844e+02, 2.881499938964844e+02, 2.881499938964844e+02, 2.881499938964844e+02, 2.881499938964844e+02, 2.881499938964844e+02, 2.931499938964844e+02, 2.931499938964844e+02, 2.931499938964844e+02, 2.931499938964844e+02, 2.931499938964844e+02, 2.931499938964844e+02, 2.931499938964844e+02, 2.920055494520399e+02, 2.881499938964844e+02, 2.881499938964844e+02, 2.881499938964844e+02, 2.881499938964844e+02, 2.881499938964844e+02, 2.881499938964844e+02, 2.881499938964844e+02, 2.881499938964844e+02, 2.881499938964844e+02, 2.894055494520399e+02, 2.931499938964844e+02, 2.931499938964844e+02, 2.931499938964844e+02, 2.931499938964844e+02, 2.931499938964844e+02, 2.931499938964844e+02, 2.897273814806013e+02, 2.881499938964844e+02, 2.881499938964844e+02, 2.881499938964844e+02, 2.881499938964844e+02, 2.881499938964844e+02, 2.881499938964844e+02, 2.881499938964844e+02, 2.881499938964844e+02, 2.881499938964844e+02, 2.885944383409288e+02, 2.931499938964844e+02, 2.931499938964844e+02, 2.931499938964844e+02, 2.931499938964844e+02, 2.931499938964844e+02, 2.931499938964844e+02, 2.931499938964844e+02, 2.881499938964844e+02, 2.881499938964844e+02, 2.881499938964844e+02, 2.881499938964844e+02, 2.881499938964844e+02, 2.881499938964844e+02, 2.881499938964844e+02, 2.881499938964844e+02, 2.881499938964844e+02, 2.881499938964844e+02, 2.931499938964844e+02, 2.931499938964844e+02, 2.931499938964844e+02, 2.931499938964844e+02, 2.931499938964844e+02, 2.931499938964844e+02, 2.931499938964844e+02, 2.881499938964844e+02, 2.881499938964844e+02, 2.881499938964844e+02, 2.881499938964844e+02, 2.881499938964844e+02, 2.881499938964844e+02, 2.881499938964844e+02, 2.881499938964844e+02, 2.881499938964844e+02, 2.881499938964844e+02, 2.931499938964844e+02, 2.931499938964844e+02, 2.931499938964844e+02, 2.931499938964844e+02, 2.931499938964844e+02, 2.931499938964844e+02, 2.931499938964844e+02, 2.882388827853733e+02, 2.881499938964844e+02, 2.881499938964844e+02, 2.881499938964844e+02, 2.881499938964844e+02, 2.881499938964844e+02, 2.881499938964844e+02, 2.881499938964844e+02, 2.881499938964844e+02, 2.881499938964844e+02, 2.931499938964844e+02, 2.931499938964844e+02, 2.931499938964844e+02, 2.931499938964844e+02, 2.931499938964844e+02, 2.931499938964844e+02, 2.931499938964844e+02, 2.890499938964844e+02, 2.881499938964844e+02]
con.TSetRooCoo=[3.031499938964844e+02, 3.031499938964844e+02, 3.031499938964844e+02, 3.031499938964844e+02, 3.031499938964844e+02, 3.031499938964844e+02, 2.981499938964844e+02, 2.981499938964844e+02, 2.981499938964844e+02, 2.981499938964844e+02, 2.981499938964844e+02, 2.981499938964844e+02, 2.981499938964844e+02, 2.992944383409288e+02, 3.031499938964844e+02, 3.031499938964844e+02, 3.031499938964844e+02, 3.031499938964844e+02, 3.031499938964844e+02, 3.031499938964844e+02, 3.031499938964844e+02, 3.031499938964844e+02, 3.031499938964844e+02, 3.018944383409288e+02, 2.981499938964844e+02, 2.981499938964844e+02, 2.981499938964844e+02, 2.981499938964844e+02, 2.981499938964844e+02, 2.981499938964844e+02, 3.015726063123674e+02, 3.031499938964844e+02, 3.031499938964844e+02, 3.031499938964844e+02, 3.031499938964844e+02, 3.031499938964844e+02, 3.031499938964844e+02, 3.031499938964844e+02, 3.031499938964844e+02, 3.031499938964844e+02, 3.027055494520399e+02, 2.981499938964844e+02, 2.981499938964844e+02, 2.981499938964844e+02, 2.981499938964844e+02, 2.981499938964844e+02, 2.981499938964844e+02, 2.981499938964844e+02, 3.031499938964844e+02, 3.031499938964844e+02, 3.031499938964844e+02, 3.031499938964844e+02, 3.031499938964844e+02, 3.031499938964844e+02, 3.031499938964844e+02, 3.031499938964844e+02, 3.031499938964844e+02, 3.031499938964844e+02, 2.981499938964844e+02, 2.981499938964844e+02, 2.981499938964844e+02, 2.981499938964844e+02, 2.981499938964844e+02, 2.981499938964844e+02, 2.981499938964844e+02, 3.031499938964844e+02, 3.031499938964844e+02, 3.031499938964844e+02, 3.031499938964844e+02, 3.031499938964844e+02, 3.031499938964844e+02, 3.031499938964844e+02, 3.031499938964844e+02, 3.031499938964844e+02, 3.031499938964844e+02, 2.981499938964844e+02, 2.981499938964844e+02, 2.981499938964844e+02, 2.981499938964844e+02, 2.981499938964844e+02, 2.981499938964844e+02, 2.981499938964844e+02, 3.030611050075955e+02, 3.031499938964844e+02, 3.031499938964844e+02, 3.031499938964844e+02, 3.031499938964844e+02, 3.031499938964844e+02, 3.031499938964844e+02, 3.031499938964844e+02, 3.031499938964844e+02, 3.031499938964844e+02, 2.981499938964844e+02, 2.981499938964844e+02, 2.981499938964844e+02, 2.981499938964844e+02, 2.981499938964844e+02, 2.981499938964844e+02, 2.981499938964844e+02, 3.022499938964844e+02, 3.031499938964844e+02]
EFan.y=[0e+00, 4.518605651855469e+02, 4.844037814670139e+03, 9.25579126953125e+03, 1.366754526041667e+04, 1.807929828559028e+04, 2.24910517762497e+04, 2.690280546006944e+04, 4.745970905661301e+04, 3.92574433125e+05, 1.200741183333333e+06, 1.744354818055555e+06, 1.873599478333333e+06, 1.880566125e+06, 1.880566125e+06, 1.882298125e+06, 1.886709866666667e+06, 1.891121608333333e+06, 1.89553335e+06, 1.899945091666667e+06, 1.904356833333333e+06, 1.908768575e+06, 1.913180316666667e+06, 1.917592058333333e+06, 1.9220038e+06, 1.926415666666667e+06, 1.930827408333333e+06, 1.93523915e+06, 1.939650891666667e+06, 1.944062633333333e+06, 1.948264625e+06, 1.952241991666667e+06, 1.956653733333333e+06, 1.961065475e+06, 1.965477216666667e+06, 1.969888958333333e+06, 1.9743007e+06, 1.978712441666667e+06, 1.983124218888889e+06, 1.98753605e+06, 1.991947791666667e+06, 1.996359533333333e+06, 2.000771275e+06, 2.005183016666667e+06, 2.009594758333333e+06, 2.014006498820939e+06, 2.018418241666667e+06, 2.022829983333333e+06, 2.0263726e+06, 2.030784341666667e+06, 2.035196083333333e+06, 2.039607825e+06, 2.044019566666667e+06, 2.048431348055555e+06, 2.052843175e+06, 2.057254916666667e+06, 2.061666658333333e+06, 2.0660784e+06, 2.070490141666667e+06, 2.07490189976672e+06, 2.093204241666667e+06, 2.187226173333333e+06, 2.292412161111111e+06, 2.314465710676762e+06, 2.318877466666667e+06, 2.321998458333333e+06, 2.3264102e+06, 2.330821941666667e+06, 2.335233683333333e+06, 2.339645425e+06, 2.344057166666667e+06, 2.348468908333333e+06, 2.35288089e+06, 2.357292641666667e+06, 2.361704383333333e+06, 2.366116019373033e+06, 2.386028993285893e+06, 2.60188763e+06, 3.187381176666667e+06, 3.778178605555556e+06, 4.005803705555555e+06, 4.01932028079676e+06, 4.02064175e+06, 4.022490808333333e+06, 4.02690255e+06, 4.031314338888889e+06, 4.035726283333333e+06, 4.040138025e+06, 4.044549766666667e+06, 4.048961508333333e+06, 4.05337325e+06, 4.057784991666667e+06, 4.062196733480196e+06, 4.106680076666667e+06, 4.547567918888889e+06, 5.694564977777778e+06, 6.81483316e+06, 7.275465274444444e+06, 7.300466129900452e+06, 7.302298e+06, 7.302298e+06]
EHea.y=[0e+00, 1.92973540641466e+05, 4.35770351111111e+06, 1.038911210666667e+07, 1.730475012444444e+07, 2.419053813333333e+07, 3.500215746825095e+07, 4.302184706666667e+07, 4.3991172e+07, 4.3991172e+07, 4.3991172e+07, 4.3991172e+07, 4.3991172e+07, 4.3991172e+07, 4.3991172e+07, 4.494428893333333e+07, 4.962365272888889e+07, 5.634711593777778e+07, 6.514410656e+07, 7.539118282666667e+07, 8.669211022222222e+07, 9.886519829333334e+07, 1.117257918222222e+08, 1.2743270464e+08, 1.514725226666667e+08, 1.708419102222222e+08, 1.894375837155555e+08, 2.0841128288e+08, 2.278225151288889e+08, 2.483256855466667e+08, 2.691298729519141e+08, 2.791809459911111e+08, 2.939544506311111e+08, 3.100023317333333e+08, 3.266566486755555e+08, 3.43468416e+08, 3.60243808e+08, 3.769382194488889e+08, 3.9397109888e+08, 4.1150233216e+08, 4.297867456e+08, 4.582058192355555e+08, 4.808024247466667e+08, 4.86922976e+08, 4.86922976e+08, 4.869237770811031e+08, 4.921728146488889e+08, 5.078376696177778e+08, 5.166935172266667e+08, 5.316838851555555e+08, 5.483249208888888e+08, 5.657416823466667e+08, 5.8387710464e+08, 6.028918518044444e+08, 6.220538496e+08, 6.413047153777778e+08, 6.605511307377778e+08, 6.786732876799999e+08, 7.002320915911111e+08, 7.060864698780303e+08, 7.06087232e+08, 7.06087232e+08, 7.06087232e+08, 7.060875120758572e+08, 7.139225506133333e+08, 7.203448092444445e+08, 7.335364471466666e+08, 7.491498635377778e+08, 7.655913984e+08, 7.821805102933333e+08, 7.987286513777778e+08, 8.139145291377778e+08, 8.2621605376e+08, 8.389823378488889e+08, 8.506525411555556e+08, 8.61472760191932e+08, 8.61475648e+08, 8.61475648e+08, 8.61475648e+08, 8.61475648e+08, 8.61475648e+08, 8.61475648e+08, 8.61475648e+08, 8.6340633984e+08, 8.690362811733333e+08, 8.765959480888889e+08, 8.849368877511111e+08, 8.938216443733333e+08, 9.022511587555555e+08, 9.102471971555556e+08, 9.188937728e+08, 9.271324306488889e+08, 9.35950528e+08, 9.35950528e+08, 9.35950528e+08, 9.35950528e+08, 9.35950528e+08, 9.35950528e+08, 9.35950528e+08, 9.35950528e+08, 9.35950528e+08]
ECoo.y=[0e+00, 0e+00, 0e+00, 0e+00, 0e+00, 0e+00, 0e+00, 0e+00, 0e+00, 0e+00, 0e+00, 0e+00, 0e+00, 0e+00, 0e+00, 0e+00, 0e+00, 0e+00, 0e+00, 0e+00, 0e+00, 0e+00, 0e+00, 0e+00, 0e+00, 0e+00, 0e+00, 0e+00, 0e+00, 0e+00, 0e+00, 0e+00, 0e+00, 0e+00, 0e+00, 0e+00, 0e+00, 0e+00, 0e+00, 0e+00, 0e+00, 0e+00, 0e+00, 0e+00, 0e+00, 0e+00, 0e+00, 0e+00, 0e+00, 0e+00, 0e+00, 0e+00, 0e+00, 0e+00, 0e+00, 0e+00, 0e+00, 0e+00, 0e+00, 0e+00, 0e+00, 0e+00, 0e+00, 0e+00, 0e+00, 0e+00, 0e+00, 0e+00, 0e+00, 0e+00, 0e+00, 0e+00, 0e+00, 0e+00, 0e+00, 0e+00, 0e+00, 0e+00, 0e+00, 0e+00, 0e+00, 0e+00, 0e+00, 0e+00, 0e+00, 0e+00, 0e+00, 0e+00, 0e+00, 0e+00, 0e+00, 0e+00, 0e+00, 0e+00, 0e+00, 0e+00, 0e+00, 0e+00, 0e+00, 0e+00, 0e+00]
EHVAC.y=[0e+00, 1.93425400016466e+05, 4.362547720000001e+06, 1.039836828e+07, 1.731841768888889e+07, 2.420861708888889e+07, 3.502464882405515e+07, 4.304875043555555e+07, 4.403863028826278e+07, 4.438374424e+07, 4.519191013333333e+07, 4.573552563555556e+07, 4.586477104e+07, 4.5871736e+07, 4.5871736e+07, 4.682658586666667e+07, 5.151036211555555e+07, 5.823823726222222e+07, 6.703963904e+07, 7.729112997333333e+07, 8.859646631111111e+07, 1.0077396704e+08, 1.1363897152e+08, 1.293502961422222e+08, 1.5339452352e+08, 1.727683253333333e+08, 1.913684113066667e+08, 2.103465216e+08, 2.297621576533333e+08, 2.502697478755555e+08, 2.710781508566335e+08, 2.811332004266667e+08, 2.959111024355556e+08, 3.119634129066666e+08, 3.286221272177778e+08, 3.454382944e+08, 3.6221811328e+08, 3.789169220977778e+08, 3.95954208e+08, 4.134898615466667e+08, 4.317787043555555e+08, 4.602021910755556e+08, 4.8280321024e+08, 4.8892813632e+08, 4.889325562311111e+08, 4.889377615135443e+08, 4.941912216177778e+08, 5.098605028977778e+08, 5.187198869333333e+08, 5.337146522311111e+08, 5.503601493333334e+08, 5.677812753066666e+08, 5.859211224177778e+08, 6.049402723555555e+08, 6.241067136e+08, 6.433619946666666e+08, 6.626128073955555e+08, 6.807393617066667e+08, 7.023025629866667e+08, 7.0816139137764e+08, 7.081804501333333e+08, 7.082744520533333e+08, 7.083796548266667e+08, 7.084019941934359e+08, 7.162414222222222e+08, 7.226668074666667e+08, 7.358628625066667e+08, 7.514806472533333e+08, 7.679266434844445e+08, 7.845201527466667e+08, 8.010727011555556e+08, 8.162630303288889e+08, 8.285689523200001e+08, 8.413396337777778e+08, 8.530142344533334e+08, 8.63838891497609e+08, 8.638616666498913e+08, 8.6407753472e+08, 8.646630382933333e+08, 8.6525383552e+08, 8.654814378666667e+08, 8.654949868133359e+08, 8.6549632e+08, 8.674288328533334e+08, 8.730631825066667e+08, 8.806272604444444e+08, 8.889725974755555e+08, 8.9786181504e+08, 9.062956885333333e+08, 9.142961629866667e+08, 9.22947136e+08, 9.3119022976e+08, 9.40012749864567e+08, 9.400572100266666e+08, 9.404981267911111e+08, 9.416451043555555e+08, 9.427653922133334e+08, 9.432259743288889e+08, 9.432509961829643e+08, 9.43252864e+08, 9.43252864e+08]
EPum.y=[0e+00, 0e+00, 0e+00, 0e+00, 0e+00, 0e+00, 0e+00, 0e+00, 0e+00, 0e+00, 0e+00, 0e+00, 0e+00, 0e+00, 0e+00, 0e+00, 0e+00, 0e+00, 0e+00, 0e+00, 0e+00, 0e+00, 0e+00, 0e+00, 0e+00, 0e+00, 0e+00, 0e+00, 0e+00, 0e+00, 0e+00, 0e+00, 0e+00, 0e+00, 0e+00, 0e+00, 0e+00, 0e+00, 0e+00, 0e+00, 0e+00, 0e+00, 0e+00, 0e+00, 0e+00, 0e+00, 0e+00, 0e+00, 0e+00, 0e+00, 0e+00, 0e+00, 0e+00, 0e+00, 0e+00, 0e+00, 0e+00, 0e+00, 0e+00, 0e+00, 0e+00, 0e+00, 0e+00, 0e+00, 0e+00, 0e+00, 0e+00, 0e+00, 0e+00, 0e+00, 0e+00, 0e+00, 0e+00, 0e+00, 0e+00, 0e+00, 0e+00, 0e+00, 0e+00, 0e+00, 0e+00, 0e+00, 0e+00, 0e+00, 0e+00, 0e+00, 0e+00, 0e+00, 0e+00, 0e+00, 0e+00, 0e+00, 0e+00, 0e+00, 0e+00, 0e+00, 0e+00, 0e+00, 0e+00, 0e+00, 0e+00]
