last-generated=2021-05-06
statistics-initialization=
{
  "linear": "0, 0, 0, 0, 0, 4",
  "nonlinear": "1, 0, 0, 0, 0, 2, 0",
  "numerical Jacobians": "0"
}
statistics-simulation=
{
  "linear": "0, 0, 0, 0, 0, 0, 0, 0, 0, 0, 0, 4, 0",
  "nonlinear": "1, 0, 0, 0, 0, 1",
  "number of continuous time states": "78",
  "numerical Jacobians": "0"
}
time=[4.32e+05, 8.64e+05]
flo.sou.TAir=[2.931499938964844e+02, 2.92895751953125e+02, 2.924661254882812e+02, 2.920167236328125e+02, 2.915936584472656e+02, 2.909833679199219e+02, 2.932394409179688e+02, 2.93088134765625e+02, 2.93884033203125e+02, 2.940108337402344e+02, 2.934105834960938e+02, 2.931733703613281e+02, 2.9316943359375e+02, 2.93140380859375e+02, 2.931372680664062e+02, 2.931504821777344e+02, 2.915540466308594e+02, 2.909895324707031e+02, 2.906373901367188e+02, 2.90143798828125e+02, 2.896603698730469e+02, 2.891770629882812e+02, 2.888556823730469e+02, 2.88506591796875e+02, 2.882081298828125e+02, 2.923249816894531e+02, 2.914400634765625e+02, 2.9276611328125e+02, 2.934312438964844e+02, 2.93181640625e+02, 2.93152099609375e+02, 2.931470947265625e+02, 2.931268005371094e+02, 2.930764770507812e+02, 2.930369567871094e+02, 2.930082397460938e+02, 2.9040283203125e+02, 2.899205627441406e+02, 2.894324951171875e+02, 2.89087890625e+02, 2.88795166015625e+02, 2.884268798828125e+02, 2.882506713867188e+02, 2.87997314453125e+02, 2.877294006347656e+02, 2.916393432617188e+02, 2.908565063476562e+02, 2.919560241699219e+02, 2.930333251953125e+02, 2.933478393554688e+02, 2.931785888671875e+02, 2.931505126953125e+02, 2.930330810546875e+02, 2.93107666015625e+02, 2.929963073730469e+02, 2.930242919921875e+02, 2.89873779296875e+02, 2.893652954101562e+02, 2.888525695800781e+02, 2.882400207519531e+02, 2.88142578125e+02, 2.879518127441406e+02, 2.876155395507812e+02, 2.875932312011719e+02, 2.873641967773438e+02, 2.915191955566406e+02, 2.916166381835938e+02, 2.93183349609375e+02, 2.936452941894531e+02, 2.930916748046875e+02, 2.931499633789062e+02, 2.932234802246094e+02, 2.932891235351562e+02, 2.931437072753906e+02, 2.931390686035156e+02, 2.931486206054688e+02, 2.913583068847656e+02, 2.91030517578125e+02, 2.909216613769531e+02, 2.909611206054688e+02, 2.907762145996094e+02, 2.903973999023438e+02, 2.904311828613281e+02, 2.902868347167969e+02, 2.901437072753906e+02, 2.926717529296875e+02, 2.928302001953125e+02, 2.933265380859375e+02, 2.934722290039062e+02, 2.94226806640625e+02, 2.946506958007812e+02, 2.948527221679688e+02, 2.946679992675781e+02, 2.943561706542969e+02, 2.937532348632812e+02, 2.931487121582031e+02, 2.926816711425781e+02, 2.923041381835938e+02, 2.923004760742188e+02, 2.920615539550781e+02, 2.915573425292969e+02]
flo.eas.TAir=[2.931499938964844e+02, 2.926519165039062e+02, 2.922217712402344e+02, 2.917836303710938e+02, 2.913606872558594e+02, 2.905267639160156e+02, 2.932157592773438e+02, 2.932076416015625e+02, 2.931519470214844e+02, 2.931328430175781e+02, 2.931484375e+02, 2.931943969726562e+02, 2.931505432128906e+02, 2.931446228027344e+02, 2.93142578125e+02, 2.93116943359375e+02, 2.911982116699219e+02, 2.907611694335938e+02, 2.904130249023438e+02, 2.899086303710938e+02, 2.894228515625e+02, 2.889578552246094e+02, 2.886488037109375e+02, 2.883122863769531e+02, 2.880238037109375e+02, 2.923650512695312e+02, 2.916886901855469e+02, 2.932027587890625e+02, 2.93184814453125e+02, 2.930871276855469e+02, 2.931537475585938e+02, 2.931538391113281e+02, 2.93154541015625e+02, 2.931309509277344e+02, 2.930948181152344e+02, 2.929469299316406e+02, 2.897044372558594e+02, 2.894512329101562e+02, 2.889723205566406e+02, 2.886389465332031e+02, 2.883800048828125e+02, 2.881221923828125e+02, 2.878866577148438e+02, 2.876493835449219e+02, 2.874276428222656e+02, 2.913984985351562e+02, 2.910025634765625e+02, 2.923109741210938e+02, 2.929111938476562e+02, 2.929161987304688e+02, 2.927783813476562e+02, 2.928866271972656e+02, 2.92974365234375e+02, 2.930093688964844e+02, 2.929237976074219e+02, 2.928784790039062e+02, 2.898486633300781e+02, 2.8948583984375e+02, 2.890573120117188e+02, 2.886277770996094e+02, 2.883878479003906e+02, 2.882808532714844e+02, 2.880438232421875e+02, 2.879333801269531e+02, 2.877807006835938e+02, 2.919343872070312e+02, 2.918179626464844e+02, 2.933846130371094e+02, 2.931975402832031e+02, 2.931522827148438e+02, 2.931600341796875e+02, 2.932230529785156e+02, 2.93156494140625e+02, 2.931500244140625e+02, 2.931396179199219e+02, 2.931174011230469e+02, 2.914456787109375e+02, 2.911397705078125e+02, 2.909224853515625e+02, 2.907311401367188e+02, 2.904481201171875e+02, 2.902153625488281e+02, 2.901399536132812e+02, 2.899805908203125e+02, 2.898346252441406e+02, 2.925023193359375e+02, 2.929934387207031e+02, 2.9300830078125e+02, 2.931574096679688e+02, 2.931454162597656e+02, 2.931793212890625e+02, 2.932079772949219e+02, 2.931510009765625e+02, 2.931427917480469e+02, 2.93144775390625e+02, 2.931339111328125e+02, 2.922542114257812e+02, 2.91971435546875e+02, 2.916849365234375e+02, 2.914317016601562e+02, 2.911542053222656e+02]
flo.nor.TAir=[2.931499938964844e+02, 2.92593994140625e+02, 2.923163757324219e+02, 2.917325439453125e+02, 2.911011352539062e+02, 2.909276733398438e+02, 2.93259765625e+02, 2.932009582519531e+02, 2.93177001953125e+02, 2.931466674804688e+02, 2.931502075195312e+02, 2.932464904785156e+02, 2.931500854492188e+02, 2.931444702148438e+02, 2.931420593261719e+02, 2.931505432128906e+02, 2.904893798828125e+02, 2.904465942382812e+02, 2.901876831054688e+02, 2.893757934570312e+02, 2.887779846191406e+02, 2.884755859375e+02, 2.882730407714844e+02, 2.879697875976562e+02, 2.878105773925781e+02, 2.919256591796875e+02, 2.913809509277344e+02, 2.922130126953125e+02, 2.924388427734375e+02, 2.921815795898438e+02, 2.926397705078125e+02, 2.925370483398438e+02, 2.92573974609375e+02, 2.925839538574219e+02, 2.925171813964844e+02, 2.924364318847656e+02, 2.891166076660156e+02, 2.892779235839844e+02, 2.887759094238281e+02, 2.883614501953125e+02, 2.882971496582031e+02, 2.881649169921875e+02, 2.879286804199219e+02, 2.876954956054688e+02, 2.875155639648438e+02, 2.914245910644531e+02, 2.906857604980469e+02, 2.912549438476562e+02, 2.917394104003906e+02, 2.920336608886719e+02, 2.921632080078125e+02, 2.923032836914062e+02, 2.923925476074219e+02, 2.924308776855469e+02, 2.92380126953125e+02, 2.923856811523438e+02, 2.898417358398438e+02, 2.894145812988281e+02, 2.890186767578125e+02, 2.885946350097656e+02, 2.883679504394531e+02, 2.882816772460938e+02, 2.880556640625e+02, 2.879552612304688e+02, 2.878226928710938e+02, 2.91926025390625e+02, 2.914806213378906e+02, 2.928631286621094e+02, 2.9327197265625e+02, 2.932265625e+02, 2.931777954101562e+02, 2.933034057617188e+02, 2.931582336425781e+02, 2.931544799804688e+02, 2.931394958496094e+02, 2.931570129394531e+02, 2.914798278808594e+02, 2.911522216796875e+02, 2.909505004882812e+02, 2.907744750976562e+02, 2.905052795410156e+02, 2.902593688964844e+02, 2.900267333984375e+02, 2.897116088867188e+02, 2.894986877441406e+02, 2.923615417480469e+02, 2.926721801757812e+02, 2.933360290527344e+02, 2.931836242675781e+02, 2.931726379394531e+02, 2.931998901367188e+02, 2.932571105957031e+02, 2.931524353027344e+02, 2.931435546875e+02, 2.931422424316406e+02, 2.931651306152344e+02, 2.922499694824219e+02, 2.919773559570312e+02, 2.9169580078125e+02, 2.914418640136719e+02, 2.911625366210938e+02]
flo.wes.TAir=[2.931499938964844e+02, 2.917768859863281e+02, 2.914917602539062e+02, 2.911429443359375e+02, 2.908109436035156e+02, 2.906693725585938e+02, 2.932535705566406e+02, 2.929700622558594e+02, 2.931720886230469e+02, 2.93148681640625e+02, 2.931494750976562e+02, 2.931981201171875e+02, 2.931680603027344e+02, 2.931490783691406e+02, 2.931343688964844e+02, 2.931161804199219e+02, 2.911476135253906e+02, 2.902384338378906e+02, 2.898597106933594e+02, 2.898409118652344e+02, 2.893680419921875e+02, 2.88600341796875e+02, 2.8827294921875e+02, 2.877544555664062e+02, 2.874661254882812e+02, 2.919420166015625e+02, 2.916058044433594e+02, 2.923915100097656e+02, 2.928164367675781e+02, 2.930095520019531e+02, 2.932012329101562e+02, 2.932944641113281e+02, 2.932030639648438e+02, 2.931282043457031e+02, 2.930252685546875e+02, 2.929332275390625e+02, 2.897114868164062e+02, 2.89062744140625e+02, 2.886140747070312e+02, 2.886296081542969e+02, 2.881338806152344e+02, 2.878282470703125e+02, 2.875760192871094e+02, 2.873407897949219e+02, 2.871130676269531e+02, 2.912688293457031e+02, 2.909820861816406e+02, 2.915240783691406e+02, 2.920261535644531e+02, 2.923600769042969e+02, 2.92540771484375e+02, 2.929148559570312e+02, 2.93306640625e+02, 2.931416625976562e+02, 2.929928283691406e+02, 2.928971557617188e+02, 2.895126953125e+02, 2.891190795898438e+02, 2.887702331542969e+02, 2.880433044433594e+02, 2.877622375488281e+02, 2.877096557617188e+02, 2.873998718261719e+02, 2.872933654785156e+02, 2.872751770019531e+02, 2.915407409667969e+02, 2.917377319335938e+02, 2.929036254882812e+02, 2.931960144042969e+02, 2.931799621582031e+02, 2.931638488769531e+02, 2.932056579589844e+02, 2.932319030761719e+02, 2.931437377929688e+02, 2.931333312988281e+02, 2.931171875e+02, 2.908666076660156e+02, 2.906173095703125e+02, 2.904545593261719e+02, 2.90328369140625e+02, 2.897625427246094e+02, 2.895139465332031e+02, 2.896831970214844e+02, 2.896177978515625e+02, 2.894357299804688e+02, 2.923767395019531e+02, 2.929832763671875e+02, 2.93262451171875e+02, 2.93177978515625e+02, 2.931661071777344e+02, 2.931822509765625e+02, 2.932279052734375e+02, 2.931610717773438e+02, 2.931433410644531e+02, 2.931412658691406e+02, 2.931342163085938e+02, 2.919684143066406e+02, 2.917937927246094e+02, 2.912235107421875e+02, 2.909057006835938e+02, 2.905493469238281e+02]
flo.cor.TAir=[2.931499938964844e+02, 2.931182250976562e+02, 2.927649841308594e+02, 2.923274230957031e+02, 2.918750915527344e+02, 2.914163818359375e+02, 2.931665954589844e+02, 2.932254638671875e+02, 2.935175476074219e+02, 2.935715026855469e+02, 2.934759216308594e+02, 2.934955139160156e+02, 2.934147644042969e+02, 2.934156799316406e+02, 2.933994140625e+02, 2.931360168457031e+02, 2.915894470214844e+02, 2.912765197753906e+02, 2.909692687988281e+02, 2.904349975585938e+02, 2.89920166015625e+02, 2.89474609375e+02, 2.891984252929688e+02, 2.88853759765625e+02, 2.88599365234375e+02, 2.928900451660156e+02, 2.921315002441406e+02, 2.930675659179688e+02, 2.932500610351562e+02, 2.931407165527344e+02, 2.931916809082031e+02, 2.931531677246094e+02, 2.931611633300781e+02, 2.931571044921875e+02, 2.931395263671875e+02, 2.931349487304688e+02, 2.901843872070312e+02, 2.900414123535156e+02, 2.895839538574219e+02, 2.892756652832031e+02, 2.890514831542969e+02, 2.888158874511719e+02, 2.885926818847656e+02, 2.883582763671875e+02, 2.881452331542969e+02, 2.922559509277344e+02, 2.914688110351562e+02, 2.921270751953125e+02, 2.9263525390625e+02, 2.929153442382812e+02, 2.929984436035156e+02, 2.93145263671875e+02, 2.932052917480469e+02, 2.931907348632812e+02, 2.931252746582031e+02, 2.931401672363281e+02, 2.903791809082031e+02, 2.899653930664062e+02, 2.895480041503906e+02, 2.890360107421875e+02, 2.888289184570312e+02, 2.887178955078125e+02, 2.884422302246094e+02, 2.88356201171875e+02, 2.8820654296875e+02, 2.924794006347656e+02, 2.921805114746094e+02, 2.935662841796875e+02, 2.93197509765625e+02, 2.931611022949219e+02, 2.931529541015625e+02, 2.932011108398438e+02, 2.93158203125e+02, 2.931531677246094e+02, 2.931465148925781e+02, 2.931436767578125e+02, 2.918440551757812e+02, 2.915317687988281e+02, 2.913590698242188e+02, 2.912230834960938e+02, 2.909132690429688e+02, 2.906540832519531e+02, 2.906004638671875e+02, 2.904082641601562e+02, 2.902359313964844e+02, 2.930838928222656e+02, 2.932001953125e+02, 2.929794006347656e+02, 2.931640930175781e+02, 2.934968872070312e+02, 2.937764587402344e+02, 2.939134216308594e+02, 2.938064270019531e+02, 2.937271118164062e+02, 2.93566650390625e+02, 2.931531066894531e+02, 2.927752990722656e+02, 2.924974060058594e+02, 2.92183349609375e+02, 2.919209594726562e+02, 2.916268920898438e+02]
vav.TSetRoo.setPoiHea.y=[2.851499938964844e+02, 2.851499938964844e+02, 2.851499938964844e+02, 2.851499938964844e+02, 2.851499938964844e+02, 2.931499938964844e+02, 2.931499938964844e+02, 2.931499938964844e+02, 2.931499938964844e+02, 2.931499938964844e+02, 2.931499938964844e+02, 2.931499938964844e+02, 2.931499938964844e+02, 2.931499938964844e+02, 2.931499938964844e+02, 2.931499938964844e+02, 2.851499938964844e+02, 2.851499938964844e+02, 2.851499938964844e+02, 2.851499938964844e+02, 2.851499938964844e+02, 2.851499938964844e+02, 2.851499938964844e+02, 2.851499938964844e+02, 2.851499938964844e+02, 2.931499938964844e+02, 2.931499938964844e+02, 2.931499938964844e+02, 2.931499938964844e+02, 2.931499938964844e+02, 2.931499938964844e+02, 2.931499938964844e+02, 2.931499938964844e+02, 2.931499938964844e+02, 2.931499938964844e+02, 2.931499938964844e+02, 2.851499938964844e+02, 2.851499938964844e+02, 2.851499938964844e+02, 2.851499938964844e+02, 2.851499938964844e+02, 2.851499938964844e+02, 2.851499938964844e+02, 2.851499938964844e+02, 2.851499938964844e+02, 2.931499938964844e+02, 2.931499938964844e+02, 2.931499938964844e+02, 2.931499938964844e+02, 2.931499938964844e+02, 2.931499938964844e+02, 2.931499938964844e+02, 2.931499938964844e+02, 2.931499938964844e+02, 2.931499938964844e+02, 2.931499938964844e+02, 2.851499938964844e+02, 2.851499938964844e+02, 2.851499938964844e+02, 2.851499938964844e+02, 2.851499938964844e+02, 2.851499938964844e+02, 2.851499938964844e+02, 2.851499938964844e+02, 2.851499938964844e+02, 2.931499938964844e+02, 2.931499938964844e+02, 2.931499938964844e+02, 2.931499938964844e+02, 2.931499938964844e+02, 2.931499938964844e+02, 2.931499938964844e+02, 2.931499938964844e+02, 2.931499938964844e+02, 2.931499938964844e+02, 2.931499938964844e+02, 2.851499938964844e+02, 2.851499938964844e+02, 2.851499938964844e+02, 2.851499938964844e+02, 2.851499938964844e+02, 2.851499938964844e+02, 2.851499938964844e+02, 2.851499938964844e+02, 2.851499938964844e+02, 2.931499938964844e+02, 2.931499938964844e+02, 2.931499938964844e+02, 2.931499938964844e+02, 2.931499938964844e+02, 2.931499938964844e+02, 2.931499938964844e+02, 2.931499938964844e+02, 2.931499938964844e+02, 2.931499938964844e+02, 2.931499938964844e+02, 2.851499938964844e+02, 2.851499938964844e+02, 2.851499938964844e+02, 2.851499938964844e+02, 2.851499938964844e+02]
vav.TSetRoo.setPoiCoo.y=[3.031499938964844e+02, 3.031499938964844e+02, 3.031499938964844e+02, 3.031499938964844e+02, 3.031499938964844e+02, 2.971499938964844e+02, 2.971499938964844e+02, 2.971499938964844e+02, 2.971499938964844e+02, 2.971499938964844e+02, 2.971499938964844e+02, 2.971499938964844e+02, 2.971499938964844e+02, 2.971499938964844e+02, 2.971499938964844e+02, 2.971499938964844e+02, 3.031499938964844e+02, 3.031499938964844e+02, 3.031499938964844e+02, 3.031499938964844e+02, 3.031499938964844e+02, 3.031499938964844e+02, 3.031499938964844e+02, 3.031499938964844e+02, 3.031499938964844e+02, 3.031499938964844e+02, 2.971499938964844e+02, 2.971499938964844e+02, 2.971499938964844e+02, 2.971499938964844e+02, 2.971499938964844e+02, 2.971499938964844e+02, 2.971499938964844e+02, 2.971499938964844e+02, 2.971499938964844e+02, 2.971499938964844e+02, 3.031499938964844e+02, 3.031499938964844e+02, 3.031499938964844e+02, 3.031499938964844e+02, 3.031499938964844e+02, 3.031499938964844e+02, 3.031499938964844e+02, 3.031499938964844e+02, 3.031499938964844e+02, 3.031499938964844e+02, 2.971499938964844e+02, 2.971499938964844e+02, 2.971499938964844e+02, 2.971499938964844e+02, 2.971499938964844e+02, 2.971499938964844e+02, 2.971499938964844e+02, 2.971499938964844e+02, 2.971499938964844e+02, 2.971499938964844e+02, 3.031499938964844e+02, 3.031499938964844e+02, 3.031499938964844e+02, 3.031499938964844e+02, 3.031499938964844e+02, 3.031499938964844e+02, 3.031499938964844e+02, 3.031499938964844e+02, 3.031499938964844e+02, 3.031499938964844e+02, 2.971499938964844e+02, 2.971499938964844e+02, 2.971499938964844e+02, 2.971499938964844e+02, 2.971499938964844e+02, 2.971499938964844e+02, 2.971499938964844e+02, 2.971499938964844e+02, 2.971499938964844e+02, 2.971499938964844e+02, 3.031499938964844e+02, 3.031499938964844e+02, 3.031499938964844e+02, 3.031499938964844e+02, 3.031499938964844e+02, 3.031499938964844e+02, 3.031499938964844e+02, 3.031499938964844e+02, 3.031499938964844e+02, 3.031499938964844e+02, 2.971499938964844e+02, 2.971499938964844e+02, 2.971499938964844e+02, 2.971499938964844e+02, 2.971499938964844e+02, 2.971499938964844e+02, 2.971499938964844e+02, 2.971499938964844e+02, 2.971499938964844e+02, 2.971499938964844e+02, 3.031499938964844e+02, 3.031499938964844e+02, 3.031499938964844e+02, 3.031499938964844e+02, 3.031499938964844e+02]
vav.fanSup.y=[0e+00, 0e+00, 0e+00, 0e+00, 0e+00, 4.60666686296463e-01, 4.571353197097778e-01, 4.430789351463318e-01, 4.432912170886993e-01, 4.432846903800964e-01, 4.433236122131348e-01, 4.571062624454498e-01, 4.571272134780884e-01, 4.57118809223175e-01, 4.571305215358734e-01, 4.571216106414795e-01, 0e+00, 0e+00, 0e+00, 0e+00, 0e+00, 0e+00, 0e+00, 0e+00, 0e+00, 4.612823128700256e-01, 4.579496383666992e-01, 4.575847685337067e-01, 4.56393301486969e-01, 4.557476937770844e-01, 4.567965269088745e-01, 4.566174447536469e-01, 4.570787847042084e-01, 4.571135342121124e-01, 4.568988978862762e-01, 4.571345150470734e-01, 0e+00, 0e+00, 0e+00, 0e+00, 0e+00, 0e+00, 0e+00, 0e+00, 0e+00, 4.610515236854553e-01, 4.57930326461792e-01, 4.576008915901184e-01, 4.570136964321136e-01, 4.567095935344696e-01, 4.565538763999939e-01, 4.570950567722321e-01, 4.558577537536621e-01, 4.569137990474701e-01, 4.571384489536285e-01, 4.57134336233139e-01, 0e+00, 0e+00, 0e+00, 0e+00, 0e+00, 0e+00, 0e+00, 0e+00, 0e+00, 4.636807143688202e-01, 4.568160176277161e-01, 4.375999867916107e-01, 4.239974319934845e-01, 4.559390544891357e-01, 4.567461311817169e-01, 4.562942981719971e-01, 4.557272791862488e-01, 4.565767645835876e-01, 4.566563665866852e-01, 4.570921957492828e-01, 0e+00, 0e+00, 0e+00, 0e+00, 0e+00, 0e+00, 0e+00, 0e+00, 0e+00, 4.616247117519379e-01, 4.571444094181061e-01, 4.023800194263458e-01, 4.432520866394043e-01, 4.294880628585815e-01, 4.115991592407227e-01, 4.251757860183716e-01, 4.252120554447174e-01, 4.252199232578278e-01, 4.252034425735474e-01, 4.571208953857422e-01, 0e+00, 0e+00, 0e+00, 0e+00, 0e+00]
vav.VAVBox[1].vav.y_actual=[9.990000128746033e-01, 9.990000128746033e-01, 9.990000128746033e-01, 9.990000128746033e-01, 9.990000128746033e-01, 6.303509473800659e-01, 6.455256342887878e-01, 6.438475847244263e-01, 6.436172723770142e-01, 6.435048580169678e-01, 6.433497071266174e-01, 6.456430554389954e-01, 6.455582976341248e-01, 6.455931663513184e-01, 6.455435752868652e-01, 6.455805897712708e-01, 9.990000128746033e-01, 9.990000128746033e-01, 9.990000128746033e-01, 9.990000128746033e-01, 9.990000128746033e-01, 9.990000128746033e-01, 9.990000128746033e-01, 9.990000128746033e-01, 9.990000128746033e-01, 6.165732145309448e-01, 6.433210372924805e-01, 6.443980932235718e-01, 6.48645281791687e-01, 6.509238481521606e-01, 6.461330056190491e-01, 6.464108228683472e-01, 6.457479596138e-01, 6.456140279769897e-01, 6.465036273002625e-01, 6.455278992652893e-01, 9.990000128746033e-01, 9.990000128746033e-01, 9.990000128746033e-01, 9.990000128746033e-01, 9.990000128746033e-01, 9.990000128746033e-01, 9.990000128746033e-01, 9.990000128746033e-01, 9.990000128746033e-01, 6.16931140422821e-01, 6.433981657028198e-01, 6.444292664527893e-01, 6.457794308662415e-01, 6.46115243434906e-01, 6.463989615440369e-01, 6.456891298294067e-01, 6.510327458381653e-01, 6.463976502418518e-01, 6.455121636390686e-01, 6.455291509628296e-01, 9.990000128746033e-01, 9.990000128746033e-01, 9.990000128746033e-01, 9.990000128746033e-01, 9.990000128746033e-01, 9.990000128746033e-01, 9.990000128746033e-01, 9.990000128746033e-01, 9.990000128746033e-01, 6.128756403923035e-01, 6.468512415885925e-01, 5.846626758575439e-01, 5.824143886566162e-01, 6.506332755088806e-01, 6.471286416053772e-01, 6.490903496742249e-01, 6.515707969665527e-01, 6.478724479675293e-01, 6.47502064704895e-01, 6.456990838050842e-01, 9.990000128746033e-01, 9.990000128746033e-01, 9.990000128746033e-01, 9.990000128746033e-01, 9.990000128746033e-01, 9.990000128746033e-01, 9.990000128746033e-01, 9.990000128746033e-01, 9.990000128746033e-01, 6.160430312156677e-01, 6.454986929893494e-01, 6.38264000415802e-01, 6.43629789352417e-01, 6.417140364646912e-01, 5.762824416160583e-01, 5.779266357421875e-01, 5.777994990348816e-01, 5.777726769447327e-01, 5.778321027755737e-01, 6.4558345079422e-01, 9.990000128746033e-01, 9.990000128746033e-01, 9.990000128746033e-01, 9.990000128746033e-01, 9.990000128746033e-01]
vav.VAVBox[2].vav.y_actual=[9.990000128746033e-01, 9.990000128746033e-01, 9.990000128746033e-01, 9.990000128746033e-01, 9.990000128746033e-01, 6.303509473800659e-01, 6.455256342887878e-01, 6.438475847244263e-01, 5.804428458213806e-01, 5.803399682044983e-01, 5.801978707313538e-01, 6.456430554389954e-01, 6.455582976341248e-01, 6.455931663513184e-01, 6.455435752868652e-01, 6.455805897712708e-01, 9.990000128746033e-01, 9.990000128746033e-01, 9.990000128746033e-01, 9.990000128746033e-01, 9.990000128746033e-01, 9.990000128746033e-01, 9.990000128746033e-01, 9.990000128746033e-01, 9.990000128746033e-01, 6.165732145309448e-01, 6.433210372924805e-01, 6.443980932235718e-01, 6.48645281791687e-01, 6.509238481521606e-01, 6.461330056190491e-01, 6.464108228683472e-01, 6.457479596138e-01, 6.456140279769897e-01, 6.465036273002625e-01, 6.455278992652893e-01, 9.990000128746033e-01, 9.990000128746033e-01, 9.990000128746033e-01, 9.990000128746033e-01, 9.990000128746033e-01, 9.990000128746033e-01, 9.990000128746033e-01, 9.990000128746033e-01, 9.990000128746033e-01, 6.16931140422821e-01, 6.433981657028198e-01, 6.444292664527893e-01, 6.457794308662415e-01, 6.46115243434906e-01, 6.463989615440369e-01, 6.456891298294067e-01, 6.510327458381653e-01, 6.463976502418518e-01, 6.455121636390686e-01, 6.455291509628296e-01, 9.990000128746033e-01, 9.990000128746033e-01, 9.990000128746033e-01, 9.990000128746033e-01, 9.990000128746033e-01, 9.990000128746033e-01, 9.990000128746033e-01, 9.990000128746033e-01, 9.990000128746033e-01, 6.128756403923035e-01, 6.468512415885925e-01, 6.483109593391418e-01, 5.824147462844849e-01, 6.506332755088806e-01, 6.471286416053772e-01, 6.490903496742249e-01, 6.515707969665527e-01, 6.478724479675293e-01, 6.47502064704895e-01, 6.456990838050842e-01, 9.990000128746033e-01, 9.990000128746033e-01, 9.990000128746033e-01, 9.990000128746033e-01, 9.990000128746033e-01, 9.990000128746033e-01, 9.990000128746033e-01, 9.990000128746033e-01, 9.990000128746033e-01, 6.160430312156677e-01, 6.454986929893494e-01, 5.754517316818237e-01, 6.43629789352417e-01, 5.786896347999573e-01, 5.762827396392822e-01, 5.779269933700562e-01, 5.777997970581055e-01, 5.777729749679565e-01, 5.778324604034424e-01, 6.4558345079422e-01, 9.990000128746033e-01, 9.990000128746033e-01, 9.990000128746033e-01, 9.990000128746033e-01, 9.990000128746033e-01]
vav.VAVBox[3].vav.y_actual=[9.990000128746033e-01, 9.990000128746033e-01, 9.990000128746033e-01, 9.990000128746033e-01, 9.990000128746033e-01, 6.303509473800659e-01, 6.455256342887878e-01, 6.438475847244263e-01, 6.436172723770142e-01, 6.435048580169678e-01, 6.433497071266174e-01, 6.456430554389954e-01, 6.455582976341248e-01, 6.455931663513184e-01, 6.455435752868652e-01, 6.455805897712708e-01, 9.990000128746033e-01, 9.990000128746033e-01, 9.990000128746033e-01, 9.990000128746033e-01, 9.990000128746033e-01, 9.990000128746033e-01, 9.990000128746033e-01, 9.990000128746033e-01, 9.990000128746033e-01, 6.165732145309448e-01, 6.433210372924805e-01, 6.443980932235718e-01, 6.48645281791687e-01, 6.509238481521606e-01, 6.461330056190491e-01, 6.464108228683472e-01, 6.457479596138e-01, 6.456140279769897e-01, 6.465036273002625e-01, 6.455278992652893e-01, 9.990000128746033e-01, 9.990000128746033e-01, 9.990000128746033e-01, 9.990000128746033e-01, 9.990000128746033e-01, 9.990000128746033e-01, 9.990000128746033e-01, 9.990000128746033e-01, 9.990000128746033e-01, 6.16931140422821e-01, 6.433981657028198e-01, 6.444292664527893e-01, 6.457794308662415e-01, 6.46115243434906e-01, 6.463989615440369e-01, 6.456891298294067e-01, 6.510327458381653e-01, 6.463976502418518e-01, 6.455121636390686e-01, 6.455291509628296e-01, 9.990000128746033e-01, 9.990000128746033e-01, 9.990000128746033e-01, 9.990000128746033e-01, 9.990000128746033e-01, 9.990000128746033e-01, 9.990000128746033e-01, 9.990000128746033e-01, 9.990000128746033e-01, 6.128756403923035e-01, 6.468512415885925e-01, 6.483109593391418e-01, 6.457898616790771e-01, 6.506332755088806e-01, 6.471286416053772e-01, 6.490903496742249e-01, 6.515707969665527e-01, 6.478724479675293e-01, 6.47502064704895e-01, 6.456990838050842e-01, 9.990000128746033e-01, 9.990000128746033e-01, 9.990000128746033e-01, 9.990000128746033e-01, 9.990000128746033e-01, 9.990000128746033e-01, 9.990000128746033e-01, 9.990000128746033e-01, 9.990000128746033e-01, 6.160430312156677e-01, 6.454986929893494e-01, 6.38264000415802e-01, 6.43629789352417e-01, 6.417140364646912e-01, 6.391419172286987e-01, 6.408941149711609e-01, 6.407578587532043e-01, 6.407291293144226e-01, 6.407927870750427e-01, 6.4558345079422e-01, 9.990000128746033e-01, 9.990000128746033e-01, 9.990000128746033e-01, 9.990000128746033e-01, 9.990000128746033e-01]
vav.VAVBox[4].vav.y_actual=[9.990000128746033e-01, 9.990000128746033e-01, 9.990000128746033e-01, 9.990000128746033e-01, 9.990000128746033e-01, 6.303509473800659e-01, 6.455256342887878e-01, 5.806533694267273e-01, 6.436172723770142e-01, 6.435048580169678e-01, 6.433497071266174e-01, 6.456430554389954e-01, 6.455582976341248e-01, 6.455931663513184e-01, 6.455435752868652e-01, 6.455805897712708e-01, 9.990000128746033e-01, 9.990000128746033e-01, 9.990000128746033e-01, 9.990000128746033e-01, 9.990000128746033e-01, 9.990000128746033e-01, 9.990000128746033e-01, 9.990000128746033e-01, 9.990000128746033e-01, 6.165732145309448e-01, 6.433210372924805e-01, 6.443980932235718e-01, 6.48645281791687e-01, 6.509238481521606e-01, 6.461330056190491e-01, 6.464108228683472e-01, 6.457479596138e-01, 6.456140279769897e-01, 6.465036273002625e-01, 6.455278992652893e-01, 9.990000128746033e-01, 9.990000128746033e-01, 9.990000128746033e-01, 9.990000128746033e-01, 9.990000128746033e-01, 9.990000128746033e-01, 9.990000128746033e-01, 9.990000128746033e-01, 9.990000128746033e-01, 6.16931140422821e-01, 6.433981657028198e-01, 6.444292664527893e-01, 6.457794308662415e-01, 6.46115243434906e-01, 6.463989615440369e-01, 6.456891298294067e-01, 6.510327458381653e-01, 6.463976502418518e-01, 6.455121636390686e-01, 6.455291509628296e-01, 9.990000128746033e-01, 9.990000128746033e-01, 9.990000128746033e-01, 9.990000128746033e-01, 9.990000128746033e-01, 9.990000128746033e-01, 9.990000128746033e-01, 9.990000128746033e-01, 9.990000128746033e-01, 6.128756403923035e-01, 6.468512415885925e-01, 6.483109593391418e-01, 6.457898616790771e-01, 6.506332755088806e-01, 6.471286416053772e-01, 6.490903496742249e-01, 6.515707969665527e-01, 6.478724479675293e-01, 6.47502064704895e-01, 6.456990838050842e-01, 9.990000128746033e-01, 9.990000128746033e-01, 9.990000128746033e-01, 9.990000128746033e-01, 9.990000128746033e-01, 9.990000128746033e-01, 9.990000128746033e-01, 9.990000128746033e-01, 9.990000128746033e-01, 6.160430312156677e-01, 6.454986929893494e-01, 5.754517316818237e-01, 5.804543495178223e-01, 5.786896347999573e-01, 5.762827396392822e-01, 6.408941149711609e-01, 6.407578587532043e-01, 6.407291293144226e-01, 6.407927870750427e-01, 6.4558345079422e-01, 9.990000128746033e-01, 9.990000128746033e-01, 9.990000128746033e-01, 9.990000128746033e-01, 9.990000128746033e-01]
vav.VAVBox[5].vav.y_actual=[9.990000128746033e-01, 9.990000128746033e-01, 9.990000128746033e-01, 9.990000128746033e-01, 9.990000128746033e-01, 6.303509473800659e-01, 6.455256342887878e-01, 6.438475251197815e-01, 6.436172723770142e-01, 6.435048580169678e-01, 6.433497071266174e-01, 6.456430554389954e-01, 6.455582976341248e-01, 6.455931663513184e-01, 6.455435752868652e-01, 6.455805897712708e-01, 9.990000128746033e-01, 9.990000128746033e-01, 9.990000128746033e-01, 9.990000128746033e-01, 9.990000128746033e-01, 9.990000128746033e-01, 9.990000128746033e-01, 9.990000128746033e-01, 9.990000128746033e-01, 6.165732145309448e-01, 6.433210372924805e-01, 6.443980932235718e-01, 6.48645281791687e-01, 6.509238481521606e-01, 6.461330056190491e-01, 6.464108228683472e-01, 6.457479596138e-01, 6.456140279769897e-01, 6.465036273002625e-01, 6.455278992652893e-01, 9.990000128746033e-01, 9.990000128746033e-01, 9.990000128746033e-01, 9.990000128746033e-01, 9.990000128746033e-01, 9.990000128746033e-01, 9.990000128746033e-01, 9.990000128746033e-01, 9.990000128746033e-01, 6.16931140422821e-01, 6.433981657028198e-01, 6.444292664527893e-01, 6.457794308662415e-01, 6.46115243434906e-01, 6.463989615440369e-01, 6.456891298294067e-01, 6.510327458381653e-01, 6.463976502418518e-01, 6.455121636390686e-01, 6.455291509628296e-01, 9.990000128746033e-01, 9.990000128746033e-01, 9.990000128746033e-01, 9.990000128746033e-01, 9.990000128746033e-01, 9.990000128746033e-01, 9.990000128746033e-01, 9.990000128746033e-01, 9.990000128746033e-01, 6.128756403923035e-01, 6.468512415885925e-01, 6.483109593391418e-01, 6.457898616790771e-01, 6.506332755088806e-01, 6.471286416053772e-01, 6.490903496742249e-01, 6.515707969665527e-01, 6.478724479675293e-01, 6.47502064704895e-01, 6.456990838050842e-01, 9.990000128746033e-01, 9.990000128746033e-01, 9.990000128746033e-01, 9.990000128746033e-01, 9.990000128746033e-01, 9.990000128746033e-01, 9.990000128746033e-01, 9.990000128746033e-01, 9.990000128746033e-01, 6.160430312156677e-01, 6.454986929893494e-01, 4.881979823112488e-01, 6.43629789352417e-01, 6.417140364646912e-01, 6.391419172286987e-01, 6.408941149711609e-01, 6.407578587532043e-01, 6.407291293144226e-01, 6.407927870750427e-01, 6.4558345079422e-01, 9.990000128746033e-01, 9.990000128746033e-01, 9.990000128746033e-01, 9.990000128746033e-01, 9.990000128746033e-01]
vav.damOut.y=[0e+00, 0e+00, 0e+00, 0e+00, 0e+00, 3.759075999259949e-01, 4.996825158596039e-01, 5.1469486951828e-01, 5.053625106811523e-01, 5.07468044757843e-01, 5.073654055595398e-01, 4.997902512550354e-01, 4.997133910655975e-01, 4.997305572032928e-01, 4.997234046459198e-01, 4.99740868806839e-01, 0e+00, 0e+00, 0e+00, 0e+00, 0e+00, 0e+00, 0e+00, 0e+00, 0e+00, 0e+00, 4.703095853328705e-01, 4.846384525299072e-01, 5.020243525505066e-01, 5.127437710762024e-01, 5.122700333595276e-01, 5.187893509864807e-01, 4.999945461750031e-01, 4.997574687004089e-01, 5.00341534614563e-01, 4.997033476829529e-01, 0e+00, 0e+00, 0e+00, 0e+00, 0e+00, 0e+00, 0e+00, 0e+00, 0e+00, 0e+00, 4.700806438922882e-01, 4.819022417068481e-01, 5.039435625076294e-01, 5.173856616020203e-01, 5.223187208175659e-01, 4.998253583908081e-01, 5.035485625267029e-01, 5.009757876396179e-01, 4.996845424175262e-01, 4.996932148933411e-01, 0e+00, 0e+00, 0e+00, 0e+00, 0e+00, 0e+00, 0e+00, 0e+00, 0e+00, 0e+00, 5.005622506141663e-01, 5.124827027320862e-01, 5.197567343711853e-01, 5.037921667098999e-01, 5.010371804237366e-01, 5.021148920059204e-01, 5.048080682754517e-01, 5.011748075485229e-01, 5.014029741287231e-01, 4.998587965965271e-01, 0e+00, 0e+00, 0e+00, 0e+00, 0e+00, 0e+00, 0e+00, 0e+00, 0e+00, 0e+00, 4.994896352291107e-01, 5.408290028572083e-01, 5.076332092285156e-01, 5.15806257724762e-01, 5.238416194915771e-01, 5.182940363883972e-01, 5.181549787521362e-01, 5.181140303611755e-01, 5.181549191474915e-01, 4.997453987598419e-01, 0e+00, 0e+00, 0e+00, 0e+00, 0e+00]
vav.VAVBox[2].TSup=[2.931499938964844e+02, 2.931499938964844e+02, 2.931499938964844e+02, 2.931499938964844e+02, 2.931499938964844e+02, 2.869833068847656e+02, 3.02356689453125e+02, 2.895100402832031e+02, 2.851177368164062e+02, 2.851606140136719e+02, 2.851616821289062e+02, 2.863077392578125e+02, 2.869618225097656e+02, 2.87455322265625e+02, 2.905501708984375e+02, 2.973303527832031e+02, 2.864528198242188e+02, 2.864528198242188e+02, 2.864528198242188e+02, 2.864528198242188e+02, 2.864528503417969e+02, 2.864528503417969e+02, 2.864528503417969e+02, 2.864528503417969e+02, 2.864528503417969e+02, 3.1575732421875e+02, 3.047196350097656e+02, 3.047239379882812e+02, 2.982202758789062e+02, 2.893860168457031e+02, 2.859854736328125e+02, 2.870748291015625e+02, 2.890546875e+02, 2.9372998046875e+02, 3.018215942382812e+02, 3.047218627929688e+02, 3.067413330078125e+02, 3.067413024902344e+02, 3.067413024902344e+02, 3.067413024902344e+02, 3.067412719726562e+02, 3.067412719726562e+02, 3.067413330078125e+02, 3.067413330078125e+02, 3.067413635253906e+02, 3.155679016113281e+02, 3.047196960449219e+02, 3.047238464355469e+02, 3.047278442382812e+02, 2.996618957519531e+02, 2.936338806152344e+02, 2.914981994628906e+02, 2.964862670898438e+02, 2.960831909179688e+02, 3.026849060058594e+02, 3.047229919433594e+02, 3.051859741210938e+02, 3.051860046386719e+02, 3.051859436035156e+02, 3.051859130859375e+02, 3.051858825683594e+02, 3.051858825683594e+02, 3.051858215332031e+02, 3.051858215332031e+02, 3.051858215332031e+02, 3.156046447753906e+02, 3.047238159179688e+02, 3.047243041992188e+02, 3.037416687011719e+02, 2.942261962890625e+02, 2.861541442871094e+02, 2.852457885742188e+02, 2.8553759765625e+02, 2.870954284667969e+02, 2.904508972167969e+02, 2.961107177734375e+02, 2.86008544921875e+02, 2.86008544921875e+02, 2.86008544921875e+02, 2.86008544921875e+02, 2.86008544921875e+02, 2.86008544921875e+02, 2.86008544921875e+02, 2.86008544921875e+02, 2.86008544921875e+02, 3.057070922851562e+02, 3.037963562011719e+02, 2.939816589355469e+02, 2.8515234375e+02, 2.851522521972656e+02, 2.851458435058594e+02, 2.852689208984375e+02, 2.851503295898438e+02, 2.851476440429688e+02, 2.851462707519531e+02, 2.901459045410156e+02, 2.858309631347656e+02, 2.858309631347656e+02, 2.858309326171875e+02, 2.858309631347656e+02, 2.858309631347656e+02]
vav.VAVBox[3].TSup=[2.931499938964844e+02, 2.931499938964844e+02, 2.931499938964844e+02, 2.931499938964844e+02, 2.931499938964844e+02, 2.869833068847656e+02, 3.010163879394531e+02, 2.923367309570312e+02, 2.88674072265625e+02, 2.900268859863281e+02, 2.915525512695312e+02, 2.917243041992188e+02, 2.923068237304688e+02, 2.926217346191406e+02, 2.935216979980469e+02, 2.980053100585938e+02, 2.864141845703125e+02, 2.864141845703125e+02, 2.864142150878906e+02, 2.864142150878906e+02, 2.864142150878906e+02, 2.864142150878906e+02, 2.864142150878906e+02, 2.864142150878906e+02, 2.864142150878906e+02, 3.147926025390625e+02, 3.047196350097656e+02, 3.047239379882812e+02, 3.000108337402344e+02, 3.0096240234375e+02, 3.026739196777344e+02, 3.036452026367188e+02, 3.033278198242188e+02, 3.035142822265625e+02, 3.044905395507812e+02, 3.047218627929688e+02, 3.073341369628906e+02, 3.073341369628906e+02, 3.073341369628906e+02, 3.073341369628906e+02, 3.073341064453125e+02, 3.073341064453125e+02, 3.073341674804688e+02, 3.073341674804688e+02, 3.073341674804688e+02, 3.155679016113281e+02, 3.047196960449219e+02, 3.047238464355469e+02, 3.047278442382812e+02, 3.047286376953125e+02, 3.047296447753906e+02, 3.04732177734375e+02, 3.047497863769531e+02, 3.04724365234375e+02, 3.047212829589844e+02, 3.047229919433594e+02, 3.073157653808594e+02, 3.073157958984375e+02, 3.073157348632812e+02, 3.07315673828125e+02, 3.073156433105469e+02, 3.073156433105469e+02, 3.073155822753906e+02, 3.073155822753906e+02, 3.073155822753906e+02, 3.154241943359375e+02, 3.047238159179688e+02, 3.047243041992188e+02, 2.974835205078125e+02, 2.964058227539062e+02, 2.958205871582031e+02, 2.9463720703125e+02, 2.943299560546875e+02, 2.941716918945312e+02, 2.944640197753906e+02, 2.981866760253906e+02, 2.86101806640625e+02, 2.86101806640625e+02, 2.86101806640625e+02, 2.86101806640625e+02, 2.86101806640625e+02, 2.86101806640625e+02, 2.86101806640625e+02, 2.861017761230469e+02, 2.861017761230469e+02, 3.057070922851562e+02, 3.037963562011719e+02, 2.939609069824219e+02, 2.898160705566406e+02, 2.897737121582031e+02, 2.895315551757812e+02, 2.883031311035156e+02, 2.884237365722656e+02, 2.88941162109375e+02, 2.9039599609375e+02, 2.951441650390625e+02, 2.861454162597656e+02, 2.861454162597656e+02, 2.861454162597656e+02, 2.861454162597656e+02, 2.861454162597656e+02]
vav.VAVBox[4].TSup=[2.931499938964844e+02, 2.931499938964844e+02, 2.931499938964844e+02, 2.931499938964844e+02, 2.931499938964844e+02, 2.869833068847656e+02, 3.040794677734375e+02, 2.964884033203125e+02, 2.9232568359375e+02, 2.908487243652344e+02, 2.913353881835938e+02, 2.916407470703125e+02, 2.920427551269531e+02, 2.923736877441406e+02, 2.934606628417969e+02, 3.000317993164062e+02, 2.866598205566406e+02, 2.866598205566406e+02, 2.866598205566406e+02, 2.866598205566406e+02, 2.866598205566406e+02, 2.866598205566406e+02, 2.866598205566406e+02, 2.866598205566406e+02, 2.866598205566406e+02, 3.1575732421875e+02, 3.047196350097656e+02, 3.047239379882812e+02, 3.047404479980469e+02, 3.047485046386719e+02, 3.047300109863281e+02, 3.047306518554688e+02, 3.047258605957031e+02, 3.047230224609375e+02, 3.047161560058594e+02, 3.047218627929688e+02, 3.111263427734375e+02, 3.111263427734375e+02, 3.111263427734375e+02, 3.111263122558594e+02, 3.111263122558594e+02, 3.111263122558594e+02, 3.111263732910156e+02, 3.111263732910156e+02, 3.111263732910156e+02, 3.155679016113281e+02, 3.047196960449219e+02, 3.047238464355469e+02, 3.047278442382812e+02, 3.047286376953125e+02, 3.047296447753906e+02, 3.04732177734375e+02, 3.047497863769531e+02, 3.04724365234375e+02, 3.047212829589844e+02, 3.047229919433594e+02, 3.111380920410156e+02, 3.111381225585938e+02, 3.111380310058594e+02, 3.111379699707031e+02, 3.11137939453125e+02, 3.11137939453125e+02, 3.111378784179688e+02, 3.111378784179688e+02, 3.111378784179688e+02, 3.156046447753906e+02, 3.047238159179688e+02, 3.047243041992188e+02, 3.047106018066406e+02, 3.006764526367188e+02, 2.981357116699219e+02, 2.969205322265625e+02, 2.957822265625e+02, 2.952010498046875e+02, 2.952537841796875e+02, 3.005369873046875e+02, 2.863636474609375e+02, 2.863636474609375e+02, 2.863636474609375e+02, 2.863636474609375e+02, 2.863636474609375e+02, 2.863636474609375e+02, 2.863636474609375e+02, 2.863636474609375e+02, 2.863636474609375e+02, 3.092506713867188e+02, 3.037963562011719e+02, 3.041564636230469e+02, 2.955281372070312e+02, 2.923406677246094e+02, 2.88678955078125e+02, 2.878945922851562e+02, 2.874174499511719e+02, 2.877756652832031e+02, 2.897150573730469e+02, 2.968722534179688e+02, 2.86359375e+02, 2.86359375e+02, 2.863593444824219e+02, 2.86359375e+02, 2.86359375e+02]
vav.VAVBox[5].TSup=[2.931499938964844e+02, 2.931499938964844e+02, 2.931499938964844e+02, 2.931499938964844e+02, 2.931499938964844e+02, 2.907129821777344e+02, 3.0150390625e+02, 2.95097900390625e+02, 2.932183837890625e+02, 2.92048828125e+02, 2.924727172851562e+02, 2.923689575195312e+02, 2.9226220703125e+02, 2.918286743164062e+02, 2.936942138671875e+02, 2.984496154785156e+02, 2.864530029296875e+02, 2.864530029296875e+02, 2.864530029296875e+02, 2.864530029296875e+02, 2.864530029296875e+02, 2.864530029296875e+02, 2.864530029296875e+02, 2.864530029296875e+02, 2.864530029296875e+02, 3.1575732421875e+02, 3.047196350097656e+02, 3.047239379882812e+02, 3.047404479980469e+02, 3.047485046386719e+02, 3.046771850585938e+02, 3.036856994628906e+02, 2.996429138183594e+02, 2.984906311035156e+02, 3.033213195800781e+02, 3.047218627929688e+02, 3.074689331054688e+02, 3.074689331054688e+02, 3.074689331054688e+02, 3.074689331054688e+02, 3.074689025878906e+02, 3.074689025878906e+02, 3.074689636230469e+02, 3.074689636230469e+02, 3.074689636230469e+02, 3.155679016113281e+02, 3.047196960449219e+02, 3.047238464355469e+02, 3.047278442382812e+02, 3.047286376953125e+02, 3.047296447753906e+02, 3.04732177734375e+02, 3.028970031738281e+02, 3.007216186523438e+02, 3.042698669433594e+02, 3.047229919433594e+02, 3.071066589355469e+02, 3.07106689453125e+02, 3.071066284179688e+02, 3.071065673828125e+02, 3.071065368652344e+02, 3.071065368652344e+02, 3.071064758300781e+02, 3.071064758300781e+02, 3.071064758300781e+02, 3.156046447753906e+02, 3.047238159179688e+02, 3.047243041992188e+02, 3.016573486328125e+02, 2.980791625976562e+02, 2.964242553710938e+02, 2.952112731933594e+02, 2.951846618652344e+02, 2.920355834960938e+02, 2.939807739257812e+02, 2.979745788574219e+02, 2.860882873535156e+02, 2.860882873535156e+02, 2.860882873535156e+02, 2.860882873535156e+02, 2.860883178710938e+02, 2.860883178710938e+02, 2.860883178710938e+02, 2.860882873535156e+02, 2.860882873535156e+02, 3.057070922851562e+02, 3.037963562011719e+02, 3.029145812988281e+02, 2.944408264160156e+02, 2.924678955078125e+02, 2.904378356933594e+02, 2.877770080566406e+02, 2.854872436523438e+02, 2.855577392578125e+02, 2.897135314941406e+02, 2.948786315917969e+02, 2.861247253417969e+02, 2.861247253417969e+02, 2.861246948242188e+02, 2.861247253417969e+02, 2.861247253417969e+02]
vav.VAVBox[1].TSup=[2.931499938964844e+02, 2.931499938964844e+02, 2.931499938964844e+02, 2.931499938964844e+02, 2.931499938964844e+02, 2.869833068847656e+02, 2.9037353515625e+02, 2.851837158203125e+02, 2.851177673339844e+02, 2.851606140136719e+02, 2.851616821289062e+02, 2.851535949707031e+02, 2.851441345214844e+02, 2.851448364257812e+02, 2.85123046875e+02, 2.880897827148438e+02, 2.855547180175781e+02, 2.855547180175781e+02, 2.855547180175781e+02, 2.855547180175781e+02, 2.855547180175781e+02, 2.855547180175781e+02, 2.855547180175781e+02, 2.855547180175781e+02, 2.855547180175781e+02, 3.116863098144531e+02, 3.047196350097656e+02, 3.047239379882812e+02, 3.006998596191406e+02, 3.006610717773438e+02, 2.967027282714844e+02, 2.984878234863281e+02, 2.978951110839844e+02, 2.971080932617188e+02, 2.979087829589844e+02, 3.002357788085938e+02, 2.864812927246094e+02, 2.864812927246094e+02, 2.864812927246094e+02, 2.864812927246094e+02, 2.864812927246094e+02, 2.864812927246094e+02, 2.864812927246094e+02, 2.864812927246094e+02, 2.864812927246094e+02, 3.147358703613281e+02, 3.047196960449219e+02, 3.047238464355469e+02, 3.047278442382812e+02, 3.047286376953125e+02, 3.047296447753906e+02, 3.04732177734375e+02, 3.037474670410156e+02, 3.018529052734375e+02, 3.017170715332031e+02, 3.023400573730469e+02, 2.866073913574219e+02, 2.866073913574219e+02, 2.866073913574219e+02, 2.866073913574219e+02, 2.866073913574219e+02, 2.866073913574219e+02, 2.866073913574219e+02, 2.866073913574219e+02, 2.866073913574219e+02, 3.140940856933594e+02, 3.047238159179688e+02, 3.060249938964844e+02, 2.8834326171875e+02, 2.891836547851562e+02, 2.880813598632812e+02, 2.865751342773438e+02, 2.86565673828125e+02, 2.860365600585938e+02, 2.859495544433594e+02, 2.905616760253906e+02, 2.854755554199219e+02, 2.854755554199219e+02, 2.854755554199219e+02, 2.854755554199219e+02, 2.854755554199219e+02, 2.854755554199219e+02, 2.854755554199219e+02, 2.854755249023438e+02, 2.854755249023438e+02, 3.057070922851562e+02, 3.007883605957031e+02, 2.867705993652344e+02, 2.85775390625e+02, 2.851522521972656e+02, 2.851458435058594e+02, 2.852689208984375e+02, 2.851503295898438e+02, 2.851476440429688e+02, 2.851462707519531e+02, 2.880856323242188e+02, 2.855718078613281e+02, 2.855718078613281e+02, 2.8557177734375e+02, 2.855718078613281e+02, 2.855718078613281e+02]
vav.res.EFan=[0e+00, -1.646779246300412e-08, -1.646794345333547e-08, -1.646793812426495e-08, -1.646736080829214e-08, 7.08238525390625e+02, 2.52570068359375e+03, 4.2212734375e+03, 5.95593017578125e+03, 7.60759423828125e+03, 9.259259765625e+03, 1.10524599609375e+04, 1.28644462890625e+04, 1.46766025390625e+04, 1.648840625e+04, 1.83003828125e+04, 1.981199609375e+04, 1.981199609375e+04, 1.981199609375e+04, 1.981199609375e+04, 1.981199609375e+04, 1.981199609375e+04, 1.981199609375e+04, 1.981199609375e+04, 1.981199609375e+04, 2.0519853515625e+04, 2.2353552734375e+04, 2.41735390625e+04, 2.5983896484375e+04, 2.7782611328125e+04, 2.9583474609375e+04, 3.1390681640625e+04, 3.319911328125e+04, 3.50109765625e+04, 3.682201953125e+04, 3.86325703125e+04, 4.0144328125e+04, 4.0144328125e+04, 4.0144328125e+04, 4.0144328125e+04, 4.0144328125e+04, 4.0144328125e+04, 4.0144328125e+04, 4.0144328125e+04, 4.0144328125e+04, 4.085078125e+04, 4.268439453125e+04, 4.4504609375e+04, 4.631821484375e+04, 4.81267578125e+04, 4.99329375e+04, 5.17419609375e+04, 5.3546640625e+04, 5.53462265625e+04, 5.715802734375e+04, 5.89701171875e+04, 6.048174609375e+04, 6.048174609375e+04, 6.048174609375e+04, 6.048174609375e+04, 6.048174609375e+04, 6.048174609375e+04, 6.048174609375e+04, 6.048174609375e+04, 6.048174609375e+04, 6.119314453125e+04, 6.301650390625e+04, 6.478087109375e+04, 6.6355828125e+04, 6.80053359375e+04, 6.98072734375e+04, 7.16131484375e+04, 7.340621875e+04, 7.52127734375e+04, 7.70159765625e+04, 7.882565625e+04, 8.0336296875e+04, 8.0336296875e+04, 8.0336296875e+04, 8.0336296875e+04, 8.0336296875e+04, 8.0336296875e+04, 8.0336296875e+04, 8.0336296875e+04, 8.0336296875e+04, 8.104684375e+04, 8.28759765625e+04, 8.44563671875e+04, 8.59593359375e+04, 8.75132421875e+04, 8.8993171875e+04, 9.0444671875e+04, 9.1901109375e+04, 9.33577734375e+04, 9.48144453125e+04, 9.65344453125e+04, 9.8045859375e+04, 9.8045859375e+04, 9.8045859375e+04, 9.8045859375e+04, 9.8045859375e+04]
vav.res.EHea=[0e+00, 0e+00, 0e+00, 0e+00, 0e+00, 1.0281783203125e+04, 1.301235703125e+05, 2.41665671875e+05, 3.0823778125e+05, 3.663205625e+05, 4.2328234375e+05, 4.8657425e+05, 5.459576875e+05, 6.05419125e+05, 6.71984375e+05, 7.710523125e+05, 8.7501e+05, 8.7501e+05, 8.7501e+05, 8.7501e+05, 8.7501e+05, 8.7501e+05, 8.7501e+05, 8.7501e+05, 8.7501e+05, 9.2162125e+05, 1.073599e+06, 1.24463725e+06, 1.4093175e+06, 1.553478125e+06, 1.691070875e+06, 1.8284685e+06, 1.956664e+06, 2.081277125e+06, 2.21921875e+06, 2.3785215e+06, 2.517095e+06, 2.517095e+06, 2.517095e+06, 2.517095e+06, 2.517095e+06, 2.517095e+06, 2.517095e+06, 2.517095e+06, 2.517095e+06, 2.56809025e+06, 2.721766e+06, 2.89281675e+06, 3.06375225e+06, 3.2330585e+06, 3.3933885e+06, 3.5393875e+06, 3.67563725e+06, 3.8113905e+06, 3.9477335e+06, 4.09506725e+06, 4.21901e+06, 4.21901e+06, 4.21901e+06, 4.21901e+06, 4.21901e+06, 4.21901e+06, 4.21901e+06, 4.21901e+06, 4.21901e+06, 4.2682225e+06, 4.4011505e+06, 4.548694e+06, 4.668119e+06, 4.7491935e+06, 4.8108085e+06, 4.8624815e+06, 4.900509e+06, 4.9309995e+06, 4.966628e+06, 5.03066e+06, 5.098292e+06, 5.098292e+06, 5.098292e+06, 5.098292e+06, 5.098292e+06, 5.098292e+06, 5.098292e+06, 5.098292e+06, 5.098292e+06, 5.1286565e+06, 5.2301285e+06, 5.3360555e+06, 5.3819685e+06, 5.4090705e+06, 5.4285655e+06, 5.44838e+06, 5.457278e+06, 5.4655085e+06, 5.48264e+06, 5.527922e+06, 5.586566e+06, 5.586566e+06, 5.586566e+06, 5.586566e+06, 5.586566e+06]
vav.res.ECoo=[0e+00, 5.289574265480042e-01, 5.114246010780334e-01, 4.979091882705688e-01, 4.897664487361908e-01, 6.097481689453125e+02, 7.580626831054688e+02, 7.512515869140625e+02, 7.588167724609375e+02, 7.549103393554688e+02, 7.54821533203125e+02, 7.57095458984375e+02, 7.578084106445312e+02, 7.577398681640625e+02, 7.597151489257812e+02, 7.58770751953125e+02, 7.1259912109375e+02, 7.125758666992188e+02, 7.12578369140625e+02, 7.125916137695312e+02, 7.126074829101562e+02, 7.125877685546875e+02, 7.125841674804688e+02, 7.12587890625e+02, 7.125888061523438e+02, -1.104671264648438e+03, 7.573235473632812e+02, 7.57323486328125e+02, 7.571703491210938e+02, 7.5710693359375e+02, 7.571886596679688e+02, 7.571832275390625e+02, 7.575918579101562e+02, 7.579674682617188e+02, 7.5970849609375e+02, 7.582042236328125e+02, 7.158851318359375e+02, 7.158744506835938e+02, 7.15873779296875e+02, 7.158749389648438e+02, 7.158734130859375e+02, 7.158749389648438e+02, 7.158758544921875e+02, 7.158760375976562e+02, 7.158764038085938e+02, -1.071215698242188e+03, 7.573458251953125e+02, 7.57292724609375e+02, 7.572615356445312e+02, 7.572274169921875e+02, 7.571676025390625e+02, 7.56248046875e+02, 7.565924072265625e+02, 7.5786083984375e+02, 7.576675415039062e+02, 7.572826538085938e+02, 7.073477783203125e+02, 7.0735302734375e+02, 7.073629150390625e+02, 7.0738232421875e+02, 7.07375244140625e+02, 7.073755493164062e+02, 7.0738671875e+02, 7.073825073242188e+02, 7.073856811523438e+02, -1.080556396484375e+03, 7.573236083984375e+02, 7.561206665039062e+02, 7.555487670898438e+02, 7.565723876953125e+02, 7.569756469726562e+02, 7.483448486328125e+02, 7.216047973632812e+02, 7.184590454101562e+02, 7.800210571289062e+02, 7.865979614257812e+02, 7.23887939453125e+02, 7.238844604492188e+02, 7.238788452148438e+02, 7.238732299804688e+02, 7.239629516601562e+02, 7.239547729492188e+02, 7.23885986328125e+02, 7.238762817382812e+02, 7.23884765625e+02, -1.120053955078125e+03, 9.090034790039062e+02, 7.471328735351562e+02, 7.556318969726562e+02, 7.543024291992188e+02, 7.532061767578125e+02, 7.434503173828125e+02, 7.540726318359375e+02, 7.54321533203125e+02, 7.544471435546875e+02, 7.576734008789062e+02, 7.020370483398438e+02, 7.020349731445312e+02, 7.020572509765625e+02, 7.020655517578125e+02, 7.020751342773438e+02]
