last-generated=2021-09-01
statistics-initialization=
{
  "linear": "0, 0, 0, 0",
  "nonlinear": "0, 0, 0, 0",
  "numerical Jacobians": "0"
}
statistics-simulation=
{
  "linear": "0, 0, 0, 0, 0, 0, 0, 0, 0, 0",
  "nonlinear": "0, 0, 0, 0",
  "number of continuous time states": "30",
  "numerical Jacobians": "0"
}
time=[4.32e+05, 8.64e+05]
flo.TAirCor=[2.751499938964844e+02, 2.936299438476562e+02, 2.935785827636719e+02, 2.935421447753906e+02, 2.935110168457031e+02, 2.934895935058594e+02, 2.935218200683594e+02, 2.937972106933594e+02, 2.94031982421875e+02, 2.940341491699219e+02, 2.939573974609375e+02, 2.939161376953125e+02, 2.939001159667969e+02, 2.938897094726562e+02, 2.938353576660156e+02, 2.936204223632812e+02, 2.934928588867188e+02, 2.934304809570312e+02, 2.933908081054688e+02, 2.933348388671875e+02, 2.932770690917969e+02, 2.93149169921875e+02, 2.931497192382812e+02, 2.931499938964844e+02, 2.931500244140625e+02, 2.931500244140625e+02, 2.931496887207031e+02, 2.932895812988281e+02, 2.933624572753906e+02, 2.933620910644531e+02, 2.933944396972656e+02, 2.931497497558594e+02, 2.931500854492188e+02, 2.931724243164062e+02, 2.931500549316406e+02, 2.931500549316406e+02, 2.931497192382812e+02, 2.931499328613281e+02, 2.931499938964844e+02, 2.931499938964844e+02, 2.931499938964844e+02, 2.931497802734375e+02, 2.931498718261719e+02, 2.931499938964844e+02, 2.931499938964844e+02, 2.931499938964844e+02, 2.931497802734375e+02, 2.93150634765625e+02, 2.931499938964844e+02, 2.931499938964844e+02, 2.931499938964844e+02, 2.93150146484375e+02, 2.931501770019531e+02, 2.931500549316406e+02, 2.931500549316406e+02, 2.931499938964844e+02, 2.931500244140625e+02, 2.931500244140625e+02, 2.931499938964844e+02, 2.931499938964844e+02, 2.931499938964844e+02, 2.931500854492188e+02, 2.931499938964844e+02, 2.931499938964844e+02, 2.931499938964844e+02, 2.931499938964844e+02, 2.931515502929688e+02, 2.935841979980469e+02, 2.936754760742188e+02, 2.937056579589844e+02, 2.938250427246094e+02, 2.938665771484375e+02, 2.9388818359375e+02, 2.938816223144531e+02, 2.937744445800781e+02, 2.935504760742188e+02, 2.93419921875e+02, 2.933719787597656e+02, 2.933482666015625e+02, 2.933066101074219e+02, 2.932636413574219e+02, 2.932131042480469e+02, 2.931814270019531e+02, 2.9314990234375e+02, 2.931499938964844e+02, 2.931499938964844e+02, 2.932741088867188e+02, 2.937289123535156e+02, 2.940650024414062e+02, 2.945469665527344e+02, 2.9502099609375e+02, 2.952852478027344e+02, 2.954376831054688e+02, 2.95413330078125e+02, 2.949739990234375e+02, 2.937794189453125e+02, 2.935709533691406e+02, 2.935216674804688e+02, 2.934931640625e+02, 2.934556579589844e+02, 2.934190673828125e+02]
flo.TAirSou=[2.751499938964844e+02, 2.931475219726562e+02, 2.931487121582031e+02, 2.931495056152344e+02, 2.931502990722656e+02, 2.931499633789062e+02, 2.931499938964844e+02, 2.931692504882812e+02, 2.940015563964844e+02, 2.942350463867188e+02, 2.935874938964844e+02, 2.933942565917969e+02, 2.933792419433594e+02, 2.933167114257812e+02, 2.93149658203125e+02, 2.931498413085938e+02, 2.931476135253906e+02, 2.931487121582031e+02, 2.931496276855469e+02, 2.931503295898438e+02, 2.931499328613281e+02, 2.931484985351562e+02, 2.931493835449219e+02, 2.931499328613281e+02, 2.931499633789062e+02, 2.9314990234375e+02, 2.931494750976562e+02, 2.931573486328125e+02, 2.931509399414062e+02, 2.931500854492188e+02, 2.935011596679688e+02, 2.933004150390625e+02, 2.931480407714844e+02, 2.931495971679688e+02, 2.931498718261719e+02, 2.931499633789062e+02, 2.931490173339844e+02, 2.93149169921875e+02, 2.931498718261719e+02, 2.931501159667969e+02, 2.931499328613281e+02, 2.931489868164062e+02, 2.931495056152344e+02, 2.931499938964844e+02, 2.931499328613281e+02, 2.931499938964844e+02, 2.931493530273438e+02, 2.931568908691406e+02, 2.931506042480469e+02, 2.931500549316406e+02, 2.931501159667969e+02, 2.931442260742188e+02, 2.931472778320312e+02, 2.931567993164062e+02, 2.931513366699219e+02, 2.931494445800781e+02, 2.931478881835938e+02, 2.931506652832031e+02, 2.931471252441406e+02, 2.931493530273438e+02, 2.931533508300781e+02, 2.931476135253906e+02, 2.931517944335938e+02, 2.931519165039062e+02, 2.93147705078125e+02, 2.931505126953125e+02, 2.931517639160156e+02, 2.93151123046875e+02, 2.931564025878906e+02, 2.9314794921875e+02, 2.9357861328125e+02, 2.9369677734375e+02, 2.936409912109375e+02, 2.934533996582031e+02, 2.931515197753906e+02, 2.931504516601562e+02, 2.931487121582031e+02, 2.93150146484375e+02, 2.931498718261719e+02, 2.9314990234375e+02, 2.931499938964844e+02, 2.931496887207031e+02, 2.9314990234375e+02, 2.931500854492188e+02, 2.931499633789062e+02, 2.931498107910156e+02, 2.931514892578125e+02, 2.93326904296875e+02, 2.944810791015625e+02, 2.952766723632812e+02, 2.958664855957031e+02, 2.961505126953125e+02, 2.961834106445312e+02, 2.9592919921875e+02, 2.950196228027344e+02, 2.934696350097656e+02, 2.931467590332031e+02, 2.931488952636719e+02, 2.931502685546875e+02, 2.931498718261719e+02, 2.9314990234375e+02]
flo.TAirNor=[2.751499938964844e+02, 2.931472473144531e+02, 2.931487426757812e+02, 2.931495361328125e+02, 2.931502380371094e+02, 2.931499633789062e+02, 2.931535034179688e+02, 2.931432800292969e+02, 2.931535339355469e+02, 2.931512451171875e+02, 2.931500854492188e+02, 2.931496276855469e+02, 2.931504211425781e+02, 2.931496276855469e+02, 2.93149658203125e+02, 2.931498413085938e+02, 2.931482238769531e+02, 2.93149169921875e+02, 2.931496887207031e+02, 2.931488037109375e+02, 2.931510314941406e+02, 2.93150634765625e+02, 2.931495971679688e+02, 2.931499328613281e+02, 2.931499328613281e+02, 2.9314990234375e+02, 2.931496887207031e+02, 2.931406860351562e+02, 2.931491394042969e+02, 2.931500854492188e+02, 2.931548156738281e+02, 2.931463623046875e+02, 2.931531066894531e+02, 2.931484985351562e+02, 2.93147216796875e+02, 2.931505432128906e+02, 2.931564636230469e+02, 2.931495971679688e+02, 2.9314990234375e+02, 2.931500854492188e+02, 2.9314990234375e+02, 2.931495971679688e+02, 2.931498413085938e+02, 2.931499938964844e+02, 2.931499328613281e+02, 2.931499938964844e+02, 2.931497192382812e+02, 2.931517333984375e+02, 2.931504516601562e+02, 2.931501770019531e+02, 2.93150146484375e+02, 2.931500244140625e+02, 2.931501770019531e+02, 2.931499633789062e+02, 2.931499633789062e+02, 2.931499938964844e+02, 2.931503295898438e+02, 2.931502380371094e+02, 2.931499633789062e+02, 2.931500854492188e+02, 2.931499938964844e+02, 2.931500549316406e+02, 2.931502380371094e+02, 2.931500244140625e+02, 2.931499938964844e+02, 2.931499938964844e+02, 2.931519165039062e+02, 2.931532592773438e+02, 2.931507568359375e+02, 2.93150146484375e+02, 2.931510009765625e+02, 2.931517944335938e+02, 2.931880187988281e+02, 2.93198974609375e+02, 2.931497802734375e+02, 2.931500549316406e+02, 2.931497802734375e+02, 2.931495971679688e+02, 2.931498718261719e+02, 2.931498718261719e+02, 2.931499938964844e+02, 2.931499328613281e+02, 2.931500549316406e+02, 2.931492614746094e+02, 2.931487121582031e+02, 2.931506652832031e+02, 2.93154052734375e+02, 2.931542663574219e+02, 2.93218505859375e+02, 2.936066589355469e+02, 2.941621704101562e+02, 2.944061889648438e+02, 2.945597839355469e+02, 2.945786437988281e+02, 2.942210083007812e+02, 2.931493530273438e+02, 2.931480407714844e+02, 2.931490173339844e+02, 2.931502990722656e+02, 2.931498718261719e+02, 2.9314990234375e+02]
flo.TAirEas=[2.751499938964844e+02, 2.931467590332031e+02, 2.931486206054688e+02, 2.931495666503906e+02, 2.931503295898438e+02, 2.931499633789062e+02, 2.931502380371094e+02, 2.931559753417969e+02, 2.933866271972656e+02, 2.932348327636719e+02, 2.931500854492188e+02, 2.93149169921875e+02, 2.931501159667969e+02, 2.931497192382812e+02, 2.931496887207031e+02, 2.931498413085938e+02, 2.931478881835938e+02, 2.931488342285156e+02, 2.931497192382812e+02, 2.931502990722656e+02, 2.931499328613281e+02, 2.93148681640625e+02, 2.931494750976562e+02, 2.931499328613281e+02, 2.931499633789062e+02, 2.9314990234375e+02, 2.931495971679688e+02, 2.931559753417969e+02, 2.931503295898438e+02, 2.931503601074219e+02, 2.93150146484375e+02, 2.931498413085938e+02, 2.931497497558594e+02, 2.931498718261719e+02, 2.931497802734375e+02, 2.9314990234375e+02, 2.931495971679688e+02, 2.931494445800781e+02, 2.9314990234375e+02, 2.931501159667969e+02, 2.9314990234375e+02, 2.931494140625e+02, 2.931497192382812e+02, 2.931499938964844e+02, 2.931499328613281e+02, 2.931499938964844e+02, 2.931495971679688e+02, 2.931558532714844e+02, 2.93150390625e+02, 2.931504211425781e+02, 2.93150146484375e+02, 2.931500854492188e+02, 2.931500244140625e+02, 2.931499633789062e+02, 2.931499938964844e+02, 2.931499938964844e+02, 2.931500549316406e+02, 2.931501770019531e+02, 2.931499938964844e+02, 2.931500854492188e+02, 2.931499938964844e+02, 2.931498718261719e+02, 2.931502075195312e+02, 2.931499938964844e+02, 2.931499938964844e+02, 2.931499938964844e+02, 2.9315185546875e+02, 2.931543884277344e+02, 2.931505737304688e+02, 2.93150146484375e+02, 2.931507873535156e+02, 2.93151611328125e+02, 2.931733703613281e+02, 2.931666564941406e+02, 2.931497497558594e+02, 2.931500854492188e+02, 2.93149658203125e+02, 2.931495666503906e+02, 2.931498718261719e+02, 2.9314990234375e+02, 2.931499938964844e+02, 2.931498718261719e+02, 2.931500244140625e+02, 2.931500854492188e+02, 2.931499633789062e+02, 2.931498107910156e+02, 2.931517639160156e+02, 2.931901245117188e+02, 2.937991333007812e+02, 2.94028076171875e+02, 2.942519226074219e+02, 2.944794921875e+02, 2.946195678710938e+02, 2.946077880859375e+02, 2.942251586914062e+02, 2.931494750976562e+02, 2.931477661132812e+02, 2.931489562988281e+02, 2.931502990722656e+02, 2.9314990234375e+02, 2.9314990234375e+02]
flo.TAirWes=[2.751499938964844e+02, 2.931483764648438e+02, 2.93149658203125e+02, 2.931517639160156e+02, 2.931532897949219e+02, 2.931499633789062e+02, 2.931502990722656e+02, 2.931528625488281e+02, 2.931505432128906e+02, 2.931493225097656e+02, 2.931483764648438e+02, 2.931485595703125e+02, 2.931517944335938e+02, 2.931497802734375e+02, 2.93149658203125e+02, 2.931498413085938e+02, 2.931480102539062e+02, 2.9314892578125e+02, 2.93147216796875e+02, 2.931502990722656e+02, 2.931499328613281e+02, 2.931487731933594e+02, 2.931495056152344e+02, 2.931484069824219e+02, 2.9315185546875e+02, 2.9314990234375e+02, 2.931496276855469e+02, 2.931522827148438e+02, 2.931504821777344e+02, 2.931501770019531e+02, 2.931474914550781e+02, 2.931612548828125e+02, 2.931544189453125e+02, 2.931498413085938e+02, 2.931499633789062e+02, 2.931499328613281e+02, 2.9314990234375e+02, 2.931495361328125e+02, 2.9314990234375e+02, 2.931500854492188e+02, 2.9314990234375e+02, 2.931493835449219e+02, 2.931497192382812e+02, 2.931499938964844e+02, 2.931499328613281e+02, 2.931499938964844e+02, 2.931495971679688e+02, 2.931520080566406e+02, 2.931504516601562e+02, 2.931481628417969e+02, 2.931507568359375e+02, 2.931575927734375e+02, 2.931560974121094e+02, 2.931432189941406e+02, 2.931502380371094e+02, 2.931498107910156e+02, 2.93150146484375e+02, 2.931502075195312e+02, 2.931499938964844e+02, 2.931433715820312e+02, 2.931492614746094e+02, 2.931474304199219e+02, 2.931521301269531e+02, 2.931473999023438e+02, 2.931497192382812e+02, 2.93148681640625e+02, 2.931482238769531e+02, 2.931537780761719e+02, 2.931518859863281e+02, 2.931524353027344e+02, 2.931507263183594e+02, 2.931536560058594e+02, 2.931557312011719e+02, 2.931491088867188e+02, 2.93148681640625e+02, 2.931497802734375e+02, 2.931492004394531e+02, 2.931517639160156e+02, 2.931481323242188e+02, 2.931523132324219e+02, 2.931479187011719e+02, 2.931525573730469e+02, 2.931508483886719e+02, 2.931500549316406e+02, 2.931488342285156e+02, 2.931498107910156e+02, 2.931517333984375e+02, 2.931540222167969e+02, 2.931824035644531e+02, 2.937037353515625e+02, 2.941321411132812e+02, 2.944764099121094e+02, 2.94795166015625e+02, 2.947898864746094e+02, 2.941741638183594e+02, 2.931495056152344e+02, 2.931478576660156e+02, 2.931489868164062e+02, 2.931451416015625e+02, 2.931504211425781e+02, 2.931492614746094e+02]
hea[1].conPID.y=[1e+00, 1.367352157831192e-01, 1.722797304391861e-01, 2.090460807085037e-01, 2.366590648889542e-01, 2.585687935352325e-01, 2.567092776298523e-01, 0e+00, 0e+00, 0e+00, 0e+00, 0e+00, 0e+00, 0e+00, 3.078901767730713e-02, 1.907874941825867e-01, 2.832085490226746e-01, 3.198298215866089e-01, 3.462989032268524e-01, 3.676302134990692e-01, 3.988964855670929e-01, 4.330707192420959e-01, 4.512099027633667e-01, 4.702202677726746e-01, 4.857923686504364e-01, 5.059061050415039e-01, 4.996847808361053e-01, 2.811372876167297e-01, 1.130801290273666e-01, 1.078416313976049e-02, 0e+00, 0e+00, 2.736644074320793e-02, 1.306615769863129e-01, 2.926060259342194e-01, 3.5670205950737e-01, 3.894078433513641e-01, 4.020490348339081e-01, 4.207702279090881e-01, 4.281691610813141e-01, 4.425174593925476e-01, 4.61948961019516e-01, 4.743718206882477e-01, 4.838102459907532e-01, 4.953444302082062e-01, 5.055074691772461e-01, 5.137009024620056e-01, 3.304730951786041e-01, 2.005681991577148e-01, 1.115568727254868e-01, 6.938230246305466e-02, 9.828946739435196e-02, 2.552821636199951e-01, 2.568862438201904e-01, 2.8277188539505e-01, 3.443677127361298e-01, 3.303153812885284e-01, 3.789049386978149e-01, 4.470554888248444e-01, 5.097551941871643e-01, 4.231199622154236e-01, 4.790588915348053e-01, 5.14054536819458e-01, 4.674380719661713e-01, 5.246038436889648e-01, 4.973719716072083e-01, 4.547739326953888e-01, 2.573798000812531e-01, 1.172012090682983e-01, 8.578458428382874e-02, 0e+00, 0e+00, 0e+00, 0e+00, 1.541727222502232e-02, 1.371055394411087e-01, 1.421740353107452e-01, 1.536334306001663e-01, 1.680515110492706e-01, 1.876244693994522e-01, 2.086645364761353e-01, 2.217611521482468e-01, 2.261255234479904e-01, 2.264056205749512e-01, 2.295208275318146e-01, 2.450292706489563e-01, 2.358956336975098e-01, 0e+00, 0e+00, 0e+00, 0e+00, 0e+00, 0e+00, 0e+00, 0e+00, 0e+00, 4.883415251970291e-02, 9.032941609621048e-02, 1.054519638419151e-01, 1.247963234782219e-01, 1.494205445051193e-01]
hea[2].conPID.y=[1e+00, 1.815435439348221e-01, 2.201499342918396e-01, 2.595405280590057e-01, 2.858701944351196e-01, 3.05743008852005e-01, 3.02310049533844e-01, 3.523102775216103e-02, 0e+00, 0e+00, 1.965950056910515e-02, 4.264706000685692e-02, 4.891686141490936e-02, 6.376490741968155e-02, 1.049502119421959e-01, 2.554360330104828e-01, 3.419765532016754e-01, 3.745934367179871e-01, 3.973236382007599e-01, 4.152132272720337e-01, 4.431706368923187e-01, 4.743411839008331e-01, 4.902892112731934e-01, 5.072346329689026e-01, 5.210862755775452e-01, 5.3940749168396e-01, 5.313806533813477e-01, 3.022547960281372e-01, 2.414772212505341e-01, 2.816516757011414e-01, 3.316211104393005e-01, 3.696562647819519e-01, 3.723700642585754e-01, 3.910455107688904e-01, 4.354620277881622e-01, 4.768637716770172e-01, 4.996454417705536e-01, 5.061914920806885e-01, 5.189887881278992e-01, 5.207425951957703e-01, 5.294771790504456e-01, 5.446820855140686e-01, 5.506945848464966e-01, 5.560075044631958e-01, 5.655226111412048e-01, 5.723816752433777e-01, 5.770296454429626e-01, 3.747394979000092e-01, 3.292184472084045e-01, 3.634244501590729e-01, 4.088932573795319e-01, 4.015495777130127e-01, 3.984430730342865e-01, 4.020987153053284e-01, 4.261023700237274e-01, 4.42146360874176e-01, 4.426243603229523e-01, 4.376364946365356e-01, 4.363456964492798e-01, 4.352834224700928e-01, 4.392482042312622e-01, 4.294529855251312e-01, 4.285207986831665e-01, 4.256476759910583e-01, 4.261680543422699e-01, 4.230107665061951e-01, 3.972219526767731e-01, 1.685901135206223e-01, 7.71489217877388e-02, 6.151443719863892e-02, 3.325849398970604e-02, 7.490780670195818e-03, 0e+00, 0e+00, 3.587616980075836e-02, 1.665495634078979e-01, 2.219757437705994e-01, 2.311642169952393e-01, 2.413195967674255e-01, 2.569176554679871e-01, 2.724626362323761e-01, 2.806948721408844e-01, 2.815063893795013e-01, 2.785131931304932e-01, 2.785030603408813e-01, 2.905723750591278e-01, 2.78391033411026e-01, 0e+00, 0e+00, 0e+00, 0e+00, 0e+00, 0e+00, 0e+00, 0e+00, 5.166160315275192e-02, 1.500771045684814e-01, 1.843247413635254e-01, 1.96414977312088e-01, 2.138154953718185e-01, 2.369311898946762e-01]
hea[3].conPID.y=[1e+00, 1.668846160173416e-01, 2.01099768280983e-01, 2.373738288879395e-01, 2.620414793491364e-01, 2.801355719566345e-01, 3.717275559902191e-01, 1.449344307184219e-01, 1.521569639444351e-01, 8.106274157762527e-02, 1.279051229357719e-02, 2.988447993993759e-02, 3.562701866030693e-02, 4.773848131299019e-02, 8.796415477991104e-02, 2.427409738302231e-01, 4.85264003276825e-01, 3.587228059768677e-01, 3.791623115539551e-01, 5.040990710258484e-01, 5.833839774131775e-01, 5.13654887676239e-01, 4.646448791027069e-01, 4.794259369373322e-01, 4.91290807723999e-01, 5.074735283851624e-01, 4.977031350135803e-01, 5.091793537139893e-01, 6.140019297599792e-01, 6.235756278038025e-01, 3.981501758098602e-01, 4.545117020606995e-01, 5.049691200256348e-01, 4.935629665851593e-01, 6.071372032165527e-01, 4.778085052967072e-01, 5.815656185150146e-01, 4.973300993442535e-01, 5.068222284317017e-01, 5.059853792190552e-01, 5.120918154716492e-01, 5.256291031837463e-01, 5.279435515403748e-01, 5.312853455543518e-01, 5.402685403823853e-01, 5.45465350151062e-01, 5.485088229179382e-01, 5.14913022518158e-01, 4.721384644508362e-01, 4.515083432197571e-01, 4.423700273036957e-01, 4.355861842632294e-01, 4.306730926036835e-01, 4.253316819667816e-01, 4.392899870872498e-01, 4.478791058063507e-01, 4.442154765129089e-01, 4.365276694297791e-01, 4.327153563499451e-01, 4.29222583770752e-01, 4.309386909008026e-01, 4.188278317451477e-01, 4.161130785942078e-01, 4.117577075958252e-01, 4.107601046562195e-01, 4.06202107667923e-01, 3.791885673999786e-01, 1.9837386906147e-01, 1.208042129874229e-01, 8.198118209838867e-02, 2.954047732055187e-02, 2.912769559770823e-03, 0e+00, 0e+00, 2.252998016774654e-02, 1.588346660137177e-01, 2.143220454454422e-01, 2.230204045772552e-01, 2.319407016038895e-01, 2.46573343873024e-01, 2.611617147922516e-01, 2.680211365222931e-01, 2.678164541721344e-01, 2.938249409198761e-01, 3.336847424507141e-01, 2.912912368774414e-01, 2.685378193855286e-01, 6.408610194921494e-02, 0e+00, 0e+00, 0e+00, 0e+00, 0e+00, 0e+00, 0e+00, 5.171938985586166e-02, 1.546281725168228e-01, 1.875523030757904e-01, 1.976462155580521e-01, 2.133801728487015e-01, 2.344471663236618e-01]
hea[4].conPID.y=[1e+00, 3.818346858024597e-01, 3.620880246162415e-01, 3.458509147167206e-01, 2.972348928451538e-01, 3.05857241153717e-01, 3.025268316268921e-01, 1.402831375598907e-01, 5.553590506315231e-02, 3.066337294876575e-02, 1.145450919866562e-01, 5.95472939312458e-02, 4.463577643036842e-02, 4.184214770793915e-02, 1.10750176012516e-01, 2.674172520637512e-01, 3.541864156723022e-01, 3.852151036262512e-01, 4.129141569137573e-01, 4.236544370651245e-01, 4.510142207145691e-01, 4.808984994888306e-01, 4.95884507894516e-01, 5.146104097366333e-01, 5.307626128196716e-01, 5.432094931602478e-01, 5.344460606575012e-01, 4.631606042385101e-01, 4.074942469596863e-01, 3.774013519287109e-01, 4.620097875595093e-01, 4.156991839408875e-01, 2.727270126342773e-01, 2.501740753650665e-01, 4.108094274997711e-01, 4.736881852149963e-01, 4.964735209941864e-01, 5.004013180732727e-01, 5.117772817611694e-01, 5.128780603408813e-01, 5.214419960975647e-01, 5.366417169570923e-01, 5.428202748298645e-01, 5.483258962631226e-01, 5.580258369445801e-01, 5.6508868932724e-01, 5.700668096542358e-01, 5.308986306190491e-01, 4.793146252632141e-01, 5.484055280685425e-01, 4.586773216724396e-01, 4.576559960842133e-01, 3.623808622360229e-01, 3.249977231025696e-01, 3.94652247428894e-01, 5.190636515617371e-01, 4.365469515323639e-01, 4.300747811794281e-01, 4.281327426433563e-01, 5.118207931518555e-01, 5.544918775558472e-01, 4.832063615322113e-01, 5.266943573951721e-01, 5.3763747215271e-01, 4.21542227268219e-01, 4.910270869731903e-01, 4.564223885536194e-01, 3.756111562252045e-01, 2.696707546710968e-01, 9.793727844953537e-02, 1.473987251520157e-01, 1.068842336535454e-01, 6.222200021147728e-02, 1.72152929008007e-02, 1.197228133678436e-01, 1.62506952881813e-01, 3.312937021255493e-01, 3.270209729671478e-01, 3.216756880283356e-01, 3.032977879047394e-01, 4.343313574790955e-01, 4.421311616897583e-01, 3.462468385696411e-01, 2.720570266246796e-01, 2.862620949745178e-01, 2.84623920917511e-01, 2.73047924041748e-01, 8.566772937774658e-02, 0e+00, 0e+00, 0e+00, 0e+00, 0e+00, 0e+00, 0e+00, 4.653911292552948e-02, 1.445858776569366e-01, 1.769702583551407e-01, 2.540481090545654e-01, 2.987038195133209e-01, 3.475315272808075e-01]
hea[5].conPID.y=[1e+00, 0e+00, 0e+00, 0e+00, 0e+00, 0e+00, 0e+00, 0e+00, 0e+00, 0e+00, 0e+00, 0e+00, 0e+00, 0e+00, 0e+00, 0e+00, 0e+00, 0e+00, 0e+00, 0e+00, 0e+00, 7.735618390142918e-03, 1.591687649488449e-02, 2.296295762062073e-02, 2.960132621228695e-02, 3.565517440438271e-02, 2.295910567045212e-02, 0e+00, 0e+00, 0e+00, 0e+00, 9.508655057288706e-04, 3.536087460815907e-03, 0e+00, 9.949333965778351e-03, 3.846312686800957e-02, 4.468153789639473e-02, 4.679565876722336e-02, 4.846138507127762e-02, 5.020458623766899e-02, 5.208887532353401e-02, 5.477268621325493e-02, 5.723480507731438e-02, 5.964562296867371e-02, 6.213970109820366e-02, 6.470949947834015e-02, 6.754637509584427e-02, 5.185855552554131e-02, 4.692333564162254e-02, 4.96179573237896e-02, 5.123098194599152e-02, 5.098865926265717e-02, 4.743043333292007e-02, 3.910072892904282e-02, 4.591168835759163e-02, 5.64083494246006e-02, 5.768905580043793e-02, 5.689747631549835e-02, 5.599937215447426e-02, 5.549529567360878e-02, 5.525107309222221e-02, 4.467048496007919e-02, 4.425807669758797e-02, 4.405122622847557e-02, 4.403660073876381e-02, 4.088686406612396e-02, 2.085953764617443e-02, 0e+00, 0e+00, 0e+00, 0e+00, 0e+00, 0e+00, 0e+00, 0e+00, 0e+00, 0e+00, 0e+00, 0e+00, 0e+00, 0e+00, 0e+00, 0e+00, 4.786872304975986e-04, 2.711429493501782e-03, 2.084088046103716e-03, 0e+00, 0e+00, 0e+00, 0e+00, 0e+00, 0e+00, 0e+00, 0e+00, 0e+00, 0e+00, 0e+00, 0e+00, 0e+00, 0e+00, 0e+00]
flo.sou.heaPorAir.Q_flow=[7.9415e+03, 1.085882690429688e+03, 1.368159423828125e+03, 1.660139526367188e+03, 1.879427978515625e+03, 2.053424072265625e+03, 2.038656616210938e+03, 0e+00, 0e+00, 0e+00, 0e+00, 0e+00, 0e+00, 0e+00, 2.44510986328125e+02, 1.515138793945312e+03, 2.2491005859375e+03, 2.539928466796875e+03, 2.7501328125e+03, 2.919535400390625e+03, 3.16783642578125e+03, 3.439231201171875e+03, 3.583283447265625e+03, 3.734254150390625e+03, 3.857920166015625e+03, 4.0176533203125e+03, 3.968246826171875e+03, 2.23265185546875e+03, 8.9802587890625e+02, 8.564243316650391e+01, 0e+00, 0e+00, 2.173305969238281e+02, 1.037648803710938e+03, 2.323730712890625e+03, 2.832749267578125e+03, 3.092482421875e+03, 3.192872314453125e+03, 3.341546630859375e+03, 3.400305419921875e+03, 3.51425244140625e+03, 3.668567626953125e+03, 3.767223876953125e+03, 3.84217919921875e+03, 3.93377783203125e+03, 4.014487548828125e+03, 4.0795556640625e+03, 2.624451904296875e+03, 1.592812255859375e+03, 8.85928955078125e+02, 5.509995727539062e+02, 7.805657958984375e+02, 2.0273232421875e+03, 2.040062255859375e+03, 2.2456328125e+03, 2.73479638671875e+03, 2.62319970703125e+03, 3.00907373046875e+03, 3.550291015625e+03, 4.048220947265625e+03, 3.360207275390625e+03, 3.8044462890625e+03, 4.082364013671875e+03, 3.712159423828125e+03, 4.1661416015625e+03, 3.94987939453125e+03, 3.611587158203125e+03, 2.043981811523438e+03, 9.307533569335938e+02, 6.8125830078125e+02, 0e+00, 0e+00, 0e+00, 0e+00, 1.224362640380859e+02, 1.088823608398438e+03, 1.129075073242188e+03, 1.220079833984375e+03, 1.334581176757812e+03, 1.490019653320312e+03, 1.657109497070312e+03, 1.7611162109375e+03, 1.79577587890625e+03, 1.798000244140625e+03, 1.82273974609375e+03, 1.945900024414062e+03, 1.873365112304688e+03, 0e+00, 0e+00, 0e+00, 0e+00, 0e+00, 0e+00, 0e+00, 0e+00, 0e+00, 3.878164367675781e+02, 7.1735107421875e+02, 8.3744677734375e+02, 9.910700073242188e+02, 1.186623291015625e+03]
flo.eas.heaPorAir.Q_flow=[4.711e+03, 8.552516479492188e+02, 1.037126342773438e+03, 1.2226953125e+03, 1.346734497070312e+03, 1.440355346679688e+03, 1.4241826171875e+03, 1.659733734130859e+02, 0e+00, 0e+00, 9.261590576171875e+01, 2.009102935791016e+02, 2.304473419189453e+02, 3.00396484375e+02, 4.944204406738281e+02, 1.203359130859375e+03, 1.611051513671875e+03, 1.764709716796875e+03, 1.871791625976562e+03, 1.956069458007812e+03, 2.08777685546875e+03, 2.234621337890625e+03, 2.30975244140625e+03, 2.389582275390625e+03, 2.454837646484375e+03, 2.541148681640625e+03, 2.503334228515625e+03, 1.423922241210938e+03, 1.13759912109375e+03, 1.326861083984375e+03, 1.56226708984375e+03, 1.741450561523438e+03, 1.7542353515625e+03, 1.84221533203125e+03, 2.05146142578125e+03, 2.246505126953125e+03, 2.35382958984375e+03, 2.38466796875e+03, 2.4449560546875e+03, 2.45321826171875e+03, 2.494366943359375e+03, 2.565997314453125e+03, 2.594322021484375e+03, 2.619351318359375e+03, 2.664177001953125e+03, 2.696490234375e+03, 2.71838671875e+03, 1.765397705078125e+03, 1.550948120117188e+03, 1.712092529296875e+03, 1.926296142578125e+03, 1.891699951171875e+03, 1.877065307617188e+03, 1.894286987304688e+03, 2.007368286132812e+03, 2.082951416015625e+03, 2.085203369140625e+03, 2.06170556640625e+03, 2.05562451171875e+03, 2.050620361328125e+03, 2.06929833984375e+03, 2.023152954101562e+03, 2.018761474609375e+03, 2.005226196289062e+03, 2.007677612304688e+03, 1.9928037109375e+03, 1.871312622070312e+03, 7.9422802734375e+02, 3.634485473632812e+02, 2.897944946289062e+02, 1.566807556152344e+02, 3.528906631469727e+01, 0e+00, 0e+00, 1.690126342773438e+02, 7.84614990234375e+02, 1.045727783203125e+03, 1.0890146484375e+03, 1.136856689453125e+03, 1.210339111328125e+03, 1.283571411132812e+03, 1.322353515625e+03, 1.326176635742188e+03, 1.31207568359375e+03, 1.312027954101562e+03, 1.368886474609375e+03, 1.311500122070312e+03, 0e+00, 0e+00, 0e+00, 0e+00, 0e+00, 0e+00, 0e+00, 0e+00, 2.433778076171875e+02, 7.070132446289062e+02, 8.683538208007812e+02, 9.253109130859375e+02, 1.007284790039062e+03, 1.116182861328125e+03]
flo.nor.heaPorAir.Q_flow=[7.9415e+03, 1.325314208984375e+03, 1.597033813476562e+03, 1.885104248046875e+03, 2.08100244140625e+03, 2.224696533203125e+03, 2.95207421875e+03, 1.150996826171875e+03, 1.2083544921875e+03, 6.43759765625e+02, 1.015758590698242e+02, 2.373275909423828e+02, 2.829319458007812e+02, 3.791151428222656e+02, 6.985673217773438e+02, 1.927727416992188e+03, 3.853723876953125e+03, 2.848797119140625e+03, 3.011117431640625e+03, 4.003302978515625e+03, 4.63294384765625e+03, 4.079190185546875e+03, 3.689977294921875e+03, 3.807361083984375e+03, 3.9015859375e+03, 4.03010107421875e+03, 3.95250927734375e+03, 4.04364794921875e+03, 4.87609619140625e+03, 4.95212548828125e+03, 3.161909423828125e+03, 3.609504638671875e+03, 4.01021240234375e+03, 3.91963037109375e+03, 4.821580078125e+03, 3.794516357421875e+03, 4.61850341796875e+03, 3.949546875e+03, 4.024928955078125e+03, 4.018282958984375e+03, 4.066777099609375e+03, 4.17428369140625e+03, 4.19266357421875e+03, 4.21920263671875e+03, 4.29054248046875e+03, 4.33181298828125e+03, 4.355982421875e+03, 4.089181640625e+03, 3.749487548828125e+03, 3.585653564453125e+03, 3.51308154296875e+03, 3.45920751953125e+03, 3.4201904296875e+03, 3.377771484375e+03, 3.48862158203125e+03, 3.55683203125e+03, 3.5277373046875e+03, 3.4666845703125e+03, 3.436408935546875e+03, 3.408671142578125e+03, 3.422299560546875e+03, 3.326121337890625e+03, 3.30456201171875e+03, 3.269973876953125e+03, 3.262051513671875e+03, 3.22585400390625e+03, 3.011325927734375e+03, 1.575386108398438e+03, 9.593666381835938e+02, 6.510535888671875e+02, 2.34595703125e+02, 2.313175964355469e+01, 0e+00, 0e+00, 1.789218292236328e+02, 1.261385498046875e+03, 1.702038452148438e+03, 1.771116455078125e+03, 1.841957153320312e+03, 1.958162231445312e+03, 2.074015869140625e+03, 2.12848974609375e+03, 2.1268642578125e+03, 2.33341064453125e+03, 2.64995751953125e+03, 2.313289306640625e+03, 2.132593017578125e+03, 5.089397888183594e+02, 0e+00, 0e+00, 0e+00, 0e+00, 0e+00, 0e+00, 0e+00, 4.107295532226562e+02, 1.227979614257812e+03, 1.489446655273438e+03, 1.569607421875e+03, 1.69455859375e+03, 1.861862182617188e+03]
flo.wes.heaPorAir.Q_flow=[4.711e+03, 1.798823120117188e+03, 1.705796630859375e+03, 1.6293037109375e+03, 1.400273559570312e+03, 1.440893432617188e+03, 1.425203857421875e+03, 6.608739013671875e+02, 2.61629638671875e+02, 1.444551544189453e+02, 5.396219482421875e+02, 2.805272827148438e+02, 2.102791442871094e+02, 1.971183624267578e+02, 5.217440795898438e+02, 1.259802612304688e+03, 1.668572143554688e+03, 1.814748291015625e+03, 1.945238647460938e+03, 1.995836059570312e+03, 2.12472802734375e+03, 2.265512939453125e+03, 2.33611181640625e+03, 2.42432958984375e+03, 2.500422607421875e+03, 2.559059814453125e+03, 2.517775390625e+03, 2.18194970703125e+03, 1.919705444335938e+03, 1.777937866210938e+03, 2.176528076171875e+03, 1.95835888671875e+03, 1.28481689453125e+03, 1.178570068359375e+03, 1.935323120117188e+03, 2.231544921875e+03, 2.33888671875e+03, 2.357390625e+03, 2.410982666015625e+03, 2.416168701171875e+03, 2.45651318359375e+03, 2.528119140625e+03, 2.557226318359375e+03, 2.5831630859375e+03, 2.628859619140625e+03, 2.6621328125e+03, 2.685584716796875e+03, 2.5010634765625e+03, 2.25805126953125e+03, 2.58353857421875e+03, 2.160828857421875e+03, 2.156017333984375e+03, 1.70717626953125e+03, 1.531064208984375e+03, 1.859206787109375e+03, 2.44530908203125e+03, 2.05657275390625e+03, 2.026082275390625e+03, 2.016933227539062e+03, 2.411187744140625e+03, 2.612211181640625e+03, 2.27638525390625e+03, 2.481257080078125e+03, 2.532810302734375e+03, 1.985885498046875e+03, 2.313228515625e+03, 2.150205810546875e+03, 1.769504150390625e+03, 1.2704189453125e+03, 4.613825073242188e+02, 6.943953857421875e+02, 5.035316162109375e+02, 2.931278381347656e+02, 8.110124206542969e+01, 5.6401416015625e+02, 7.655702514648438e+02, 1.560724609375e+03, 1.540595703125e+03, 1.515414184570312e+03, 1.428835815429688e+03, 2.046135009765625e+03, 2.0828798828125e+03, 1.631168823242188e+03, 1.28166064453125e+03, 1.348580810546875e+03, 1.34086328125e+03, 1.286328735351562e+03, 4.035806579589844e+02, 0e+00, 0e+00, 0e+00, 0e+00, 0e+00, 0e+00, 0e+00, 2.192457733154297e+02, 6.8114404296875e+02, 8.337069091796875e+02, 1.196820556640625e+03, 1.407193725585938e+03, 1.637221069335938e+03]
flo.cor.heaPorAir.Q_flow=[1.0476017578125e+04, 0e+00, 0e+00, 0e+00, 0e+00, 0e+00, 0e+00, 0e+00, 0e+00, 0e+00, 0e+00, 0e+00, 0e+00, 0e+00, 0e+00, 0e+00, 0e+00, 0e+00, 0e+00, 0e+00, 0e+00, 8.103847503662109e+01, 1.667454833984375e+02, 2.405603637695312e+02, 3.101040344238281e+02, 3.735242614746094e+02, 2.405200042724609e+02, 0e+00, 0e+00, 0e+00, 0e+00, 9.961283683776855e+00, 3.704411697387695e+01, 0e+00, 1.042294006347656e+02, 4.029404296875e+02, 4.680845947265625e+02, 4.90232177734375e+02, 5.076823425292969e+02, 5.259441528320312e+02, 5.456839599609375e+02, 5.737996215820312e+02, 5.995928955078125e+02, 6.248486328125e+02, 6.509766235351562e+02, 6.778978881835938e+02, 7.076170043945312e+02, 5.432711791992188e+02, 4.915697021484375e+02, 5.19798583984375e+02, 5.366967163085938e+02, 5.341580810546875e+02, 4.96882080078125e+02, 4.096199340820312e+02, 4.809716796875e+02, 5.909348754882812e+02, 6.043516235351562e+02, 5.960589599609375e+02, 5.866504516601562e+02, 5.813697509765625e+02, 5.788112182617188e+02, 4.679687805175781e+02, 4.636484069824219e+02, 4.614814453125e+02, 4.613282165527344e+02, 4.283315124511719e+02, 2.185248870849609e+02, 0e+00, 0e+00, 0e+00, 0e+00, 0e+00, 0e+00, 0e+00, 0e+00, 0e+00, 0e+00, 0e+00, 0e+00, 0e+00, 0e+00, 0e+00, 0e+00, 5.014736175537109e+00, 2.840498542785645e+01, 2.183294296264648e+01, 0e+00, 0e+00, 0e+00, 0e+00, 0e+00, 0e+00, 0e+00, 0e+00, 0e+00, 0e+00, 0e+00, 0e+00, 0e+00, 0e+00, 0e+00]
EHea.y=[0e+00, 4.391572e+07, 6.6903532e+07, 9.3057808e+07, 1.21732744e+08, 1.51629904e+08, 1.8441648e+08, 2.07802752e+08, 2.16574544e+08, 2.21080272e+08, 2.23743904e+08, 2.29694736e+08, 2.3341152e+08, 2.36757008e+08, 2.4243752e+08, 2.63408384e+08, 2.98748352e+08, 3.3844576e+08, 3.78632864e+08, 4.22880512e+08, 4.72631488e+08, 5.25469184e+08, 5.77837056e+08, 6.3106112e+08, 6.86906368e+08, 7.44221696e+08, 8.00745472e+08, 8.50928832e+08, 8.9203808e+08, 9.28400768e+08, 9.61589056e+08, 9.93538112e+08, 1.02561568e+09, 1.05753344e+09, 1.098620288e+09, 1.150090624e+09, 1.20409536e+09, 1.257343744e+09, 1.311606656e+09, 1.366948224e+09, 1.42281984e+09, 1.480369536e+09, 1.539119488e+09, 1.598728704e+09, 1.659261568e+09, 1.721012736e+09, 1.783507968e+09, 1.840606976e+09, 1.885840256e+09, 1.926233472e+09, 1.96543936e+09, 2.002664832e+09, 2.043038592e+09, 2.08344768e+09, 2.124373248e+09, 2.170674944e+09, 2.218454016e+09, 2.266451712e+09, 2.315034112e+09, 2.366865408e+09, 2.420826112e+09, 2.471506432e+09, 2.524868864e+09, 2.576884992e+09, 2.628498944e+09, 2.67970304e+09, 2.729057024e+09, 2.769602816e+09, 2.791374848e+09, 2.80276224e+09, 2.80928e+09, 2.81583104e+09, 2.818146048e+09, 2.818444032e+09, 2.82057216e+09, 2.835219712e+09, 2.857574656e+09, 2.881427968e+09, 2.90577408e+09, 2.931935488e+09, 2.960262144e+09, 2.99174016e+09, 3.022060288e+09, 3.051256576e+09, 3.080904704e+09, 3.111647744e+09, 3.1416e+09, 3.161016832e+09, 3.162331136e+09, 3.162331136e+09, 3.162331136e+09, 3.162331136e+09, 3.162331136e+09, 3.162331136e+09, 3.162331136e+09, 3.163684864e+09, 3.173682944e+09, 3.188342016e+09, 3.206554112e+09, 3.22739456e+09, 3.251058944e+09]
ECoo.y=[0e+00, -2.56653875e+06, -2.56653875e+06, -2.56653875e+06, -2.56653875e+06, -2.56653875e+06, -2.56653875e+06, -2.56653875e+06, -2.56653875e+06, -2.56653875e+06, -2.56653875e+06, -2.56653875e+06, -2.56653875e+06, -2.56653875e+06, -2.56653875e+06, -2.56653875e+06, -2.56653875e+06, -2.56653875e+06, -2.56653875e+06, -2.56653875e+06, -2.56653875e+06, -2.56653875e+06, -2.56653875e+06, -2.56653875e+06, -2.56653875e+06, -2.56653875e+06, -2.56653875e+06, -2.56653875e+06, -2.56653875e+06, -2.56653875e+06, -2.56653875e+06, -2.56653875e+06, -2.56653875e+06, -2.56653875e+06, -2.56653875e+06, -2.56653875e+06, -2.56653875e+06, -2.56653875e+06, -2.56653875e+06, -2.56653875e+06, -2.56653875e+06, -2.56653875e+06, -2.56653875e+06, -2.56653875e+06, -2.56653875e+06, -2.56653875e+06, -2.56653875e+06, -2.56653875e+06, -2.56653875e+06, -2.56653875e+06, -2.56653875e+06, -2.56653875e+06, -2.56653875e+06, -2.56653875e+06, -2.56653875e+06, -2.56653875e+06, -2.56653875e+06, -2.56653875e+06, -2.56653875e+06, -2.56653875e+06, -2.56653875e+06, -2.56653875e+06, -2.56653875e+06, -2.56653875e+06, -2.56653875e+06, -2.56653875e+06, -2.56653875e+06, -2.56653875e+06, -2.56653875e+06, -2.56653875e+06, -2.56653875e+06, -2.56653875e+06, -2.56653875e+06, -2.56653875e+06, -2.56653875e+06, -2.56653875e+06, -2.56653875e+06, -2.56653875e+06, -2.56653875e+06, -2.56653875e+06, -2.56653875e+06, -2.56653875e+06, -2.56653875e+06, -2.56653875e+06, -2.56653875e+06, -2.56653875e+06, -2.56653875e+06, -2.56653875e+06, -2.56653875e+06, -2.56653875e+06, -2.56653875e+06, -2.56653875e+06, -2.56653875e+06, -2.56653875e+06, -2.56653875e+06, -2.56653875e+06, -2.56653875e+06, -2.56653875e+06, -2.56653875e+06, -2.56653875e+06, -2.56653875e+06]
coo[1].conPID.y=[0e+00, 0e+00, 0e+00, 0e+00, 0e+00, 0e+00, 0e+00, 0e+00, 0e+00, 0e+00, 0e+00, 0e+00, 0e+00, 0e+00, 0e+00, 0e+00, 0e+00, 0e+00, 0e+00, 0e+00, 0e+00, 0e+00, 0e+00, 0e+00, 0e+00, 0e+00, 0e+00, 0e+00, 0e+00, 0e+00, 0e+00, 0e+00, 0e+00, 0e+00, 0e+00, 0e+00, 0e+00, 0e+00, 0e+00, 0e+00, 0e+00, 0e+00, 0e+00, 0e+00, 0e+00, 0e+00, 0e+00, 0e+00, 0e+00, 0e+00, 0e+00, 0e+00, 0e+00, 0e+00, 0e+00, 0e+00, 0e+00, 0e+00, 0e+00, 0e+00, 0e+00, 0e+00, 0e+00, 0e+00, 0e+00, 0e+00, 0e+00, 0e+00, 0e+00, 0e+00, 0e+00, 0e+00, 0e+00, 0e+00, 0e+00, 0e+00, 0e+00, 0e+00, 0e+00, 0e+00, 0e+00, 0e+00, 0e+00, 0e+00, 0e+00, 0e+00, 0e+00, 0e+00, 0e+00, 0e+00, 0e+00, 0e+00, 0e+00, 0e+00, 0e+00, 0e+00, 0e+00, 0e+00, 0e+00, 0e+00, 0e+00]
coo[2].conPID.y=[0e+00, 0e+00, 0e+00, 0e+00, 0e+00, 0e+00, 0e+00, 0e+00, 0e+00, 0e+00, 0e+00, 0e+00, 0e+00, 0e+00, 0e+00, 0e+00, 0e+00, 0e+00, 0e+00, 0e+00, 0e+00, 0e+00, 0e+00, 0e+00, 0e+00, 0e+00, 0e+00, 0e+00, 0e+00, 0e+00, 0e+00, 0e+00, 0e+00, 0e+00, 0e+00, 0e+00, 0e+00, 0e+00, 0e+00, 0e+00, 0e+00, 0e+00, 0e+00, 0e+00, 0e+00, 0e+00, 0e+00, 0e+00, 0e+00, 0e+00, 0e+00, 0e+00, 0e+00, 0e+00, 0e+00, 0e+00, 0e+00, 0e+00, 0e+00, 0e+00, 0e+00, 0e+00, 0e+00, 0e+00, 0e+00, 0e+00, 0e+00, 0e+00, 0e+00, 0e+00, 0e+00, 0e+00, 0e+00, 0e+00, 0e+00, 0e+00, 0e+00, 0e+00, 0e+00, 0e+00, 0e+00, 0e+00, 0e+00, 0e+00, 0e+00, 0e+00, 0e+00, 0e+00, 0e+00, 0e+00, 0e+00, 0e+00, 0e+00, 0e+00, 0e+00, 0e+00, 0e+00, 0e+00, 0e+00, 0e+00, 0e+00]
coo[3].conPID.y=[0e+00, 0e+00, 0e+00, 0e+00, 0e+00, 0e+00, 0e+00, 0e+00, 0e+00, 0e+00, 0e+00, 0e+00, 0e+00, 0e+00, 0e+00, 0e+00, 0e+00, 0e+00, 0e+00, 0e+00, 0e+00, 0e+00, 0e+00, 0e+00, 0e+00, 0e+00, 0e+00, 0e+00, 0e+00, 0e+00, 0e+00, 0e+00, 0e+00, 0e+00, 0e+00, 0e+00, 0e+00, 0e+00, 0e+00, 0e+00, 0e+00, 0e+00, 0e+00, 0e+00, 0e+00, 0e+00, 0e+00, 0e+00, 0e+00, 0e+00, 0e+00, 0e+00, 0e+00, 0e+00, 0e+00, 0e+00, 0e+00, 0e+00, 0e+00, 0e+00, 0e+00, 0e+00, 0e+00, 0e+00, 0e+00, 0e+00, 0e+00, 0e+00, 0e+00, 0e+00, 0e+00, 0e+00, 0e+00, 0e+00, 0e+00, 0e+00, 0e+00, 0e+00, 0e+00, 0e+00, 0e+00, 0e+00, 0e+00, 0e+00, 0e+00, 0e+00, 0e+00, 0e+00, 0e+00, 0e+00, 0e+00, 0e+00, 0e+00, 0e+00, 0e+00, 0e+00, 0e+00, 0e+00, 0e+00, 0e+00, 0e+00]
coo[4].conPID.y=[0e+00, 0e+00, 0e+00, 0e+00, 0e+00, 0e+00, 0e+00, 0e+00, 0e+00, 0e+00, 0e+00, 0e+00, 0e+00, 0e+00, 0e+00, 0e+00, 0e+00, 0e+00, 0e+00, 0e+00, 0e+00, 0e+00, 0e+00, 0e+00, 0e+00, 0e+00, 0e+00, 0e+00, 0e+00, 0e+00, 0e+00, 0e+00, 0e+00, 0e+00, 0e+00, 0e+00, 0e+00, 0e+00, 0e+00, 0e+00, 0e+00, 0e+00, 0e+00, 0e+00, 0e+00, 0e+00, 0e+00, 0e+00, 0e+00, 0e+00, 0e+00, 0e+00, 0e+00, 0e+00, 0e+00, 0e+00, 0e+00, 0e+00, 0e+00, 0e+00, 0e+00, 0e+00, 0e+00, 0e+00, 0e+00, 0e+00, 0e+00, 0e+00, 0e+00, 0e+00, 0e+00, 0e+00, 0e+00, 0e+00, 0e+00, 0e+00, 0e+00, 0e+00, 0e+00, 0e+00, 0e+00, 0e+00, 0e+00, 0e+00, 0e+00, 0e+00, 0e+00, 0e+00, 0e+00, 0e+00, 0e+00, 0e+00, 0e+00, 0e+00, 0e+00, 0e+00, 0e+00, 0e+00, 0e+00, 0e+00, 0e+00]
coo[5].conPID.y=[0e+00, 0e+00, 0e+00, 0e+00, 0e+00, 0e+00, 0e+00, 0e+00, 0e+00, 0e+00, 0e+00, 0e+00, 0e+00, 0e+00, 0e+00, 0e+00, 0e+00, 0e+00, 0e+00, 0e+00, 0e+00, 0e+00, 0e+00, 0e+00, 0e+00, 0e+00, 0e+00, 0e+00, 0e+00, 0e+00, 0e+00, 0e+00, 0e+00, 0e+00, 0e+00, 0e+00, 0e+00, 0e+00, 0e+00, 0e+00, 0e+00, 0e+00, 0e+00, 0e+00, 0e+00, 0e+00, 0e+00, 0e+00, 0e+00, 0e+00, 0e+00, 0e+00, 0e+00, 0e+00, 0e+00, 0e+00, 0e+00, 0e+00, 0e+00, 0e+00, 0e+00, 0e+00, 0e+00, 0e+00, 0e+00, 0e+00, 0e+00, 0e+00, 0e+00, 0e+00, 0e+00, 0e+00, 0e+00, 0e+00, 0e+00, 0e+00, 0e+00, 0e+00, 0e+00, 0e+00, 0e+00, 0e+00, 0e+00, 0e+00, 0e+00, 0e+00, 0e+00, 0e+00, 0e+00, 0e+00, 0e+00, 0e+00, 0e+00, 0e+00, 0e+00, 0e+00, 0e+00, 0e+00, 0e+00, 0e+00, 0e+00]
