last-generated=2020-09-04
statistics-initialization=
{
  "linear": "5"
}
statistics-simulation=
{
  "linear": "0, 3, 0",
  "nonlinear": " ",
  "number of continuous time states": "4",
  "numerical Jacobians": "0"
}
time=[0e+00, 3.1536e+07]
thermalZoneTwoElements.TAir=[2.951499938964844e+02, 2.968261169433594e+02, 2.919172546386719e+02, 2.936818176269531e+02, 2.971105651855469e+02, 2.933746643066406e+02, 2.94816162109375e+02, 2.969264892578125e+02, 2.944549865722656e+02, 2.964007141113281e+02, 3.004153747558594e+02, 2.961048095703125e+02, 2.973504821777344e+02, 3.038292785644531e+02, 2.989623413085938e+02, 3.01460693359375e+02, 3.051519348144531e+02, 3.023779052734375e+02, 3.084604187011719e+02, 3.059309509277344e+02, 3.07398193359375e+02, 3.104167724609375e+02, 3.062375915527344e+02, 3.034124145507812e+02, 3.109735473632812e+02, 3.103102416992188e+02, 3.101768615722656e+02, 3.116965576171875e+02, 3.086533020019531e+02, 3.102359680175781e+02, 3.184819946289062e+02, 3.1050703125e+02, 3.138667541503906e+02, 3.230436767578125e+02, 3.164874389648438e+02, 3.177651672363281e+02, 3.236901123046875e+02, 3.129407104492187e+02, 3.1628271484375e+02, 3.210671875e+02, 3.154876403808594e+02, 3.192413024902344e+02, 3.231367065429687e+02, 3.207674377441406e+02, 3.258664123535156e+02, 3.192973022460938e+02, 3.137473937988281e+02, 3.175114807128906e+02, 3.140921630859375e+02, 3.1489609375e+02, 3.244393310546875e+02, 3.166443786621094e+02, 3.173729797363281e+02, 3.240584716796875e+02, 3.159032775878906e+02, 3.151931457519531e+02, 3.235737365722656e+02, 3.169797668457031e+02, 3.194729797363281e+02, 3.249994873046875e+02, 3.190030212402344e+02, 3.247267517089844e+02, 3.153712951660156e+02, 3.134712036132813e+02, 3.189706420898438e+02, 3.112200012207031e+02, 3.127210327148438e+02, 3.186361145019531e+02, 3.125382019042969e+02, 3.142255310058594e+02, 3.167258605957031e+02, 3.130077392578125e+02, 3.121144348144531e+02, 3.167639831542969e+02, 3.070957641601562e+02, 3.077838439941406e+02, 3.15577490234375e+02, 3.074550720214844e+02, 3.114455688476563e+02, 3.133628356933594e+02, 3.077216186523438e+02, 3.094352783203125e+02, 3.049945129394531e+02, 3.037443359375e+02, 3.074771362304688e+02, 2.995919189453125e+02, 2.984855285644531e+02, 3.036933166503906e+02, 2.985734008789062e+02, 3.013571350097656e+02, 3.031888122558594e+02, 2.984393920898438e+02, 2.982917541503906e+02, 2.993684814453125e+02, 2.94807373046875e+02, 2.957128295898438e+02, 2.967665893554687e+02, 2.940296936035156e+02, 2.979225830078125e+02, 2.958502502441406e+02, 2.947011108398438e+02]
