last-generated=2021-09-26
statistics-initialization=
{
  "nonlinear": "0, 1, 1, 0, 1, 0, 1, 0, 1, 0, 1, 2, 1, 0, 1, 0, 16, 16, 16, 16, 1, 0, 1, 0, 1",
  "numerical Jacobians": "0"
}
statistics-simulation=
{
  "linear": "0, 13, 0, 0, 0, 13, 0, 0, 0, 0, 0, 13, 0, 8, 13, 0, 0, 0, 0, 0, 0",
  "nonlinear": "1, 1, 1, 1, 1, 1, 1, 1, 0, 1, 1, 1, 2, 1, 1, 0, 0, 0",
  "number of continuous time states": "224",
  "numerical Jacobians": "0"
}
time=[0e+00, 1.728e+05]
fanSupHot.m_flow=[-0e+00, 4.448346135887959e-09, -5.970148819756105e-09, 7.14076620056403e-08, 7.995317474751573e-08, 1.493707912914033e-07, 6.227684679060985e-08, -5.291190774414645e-08, -3.699151207570139e-08, -7.363183840425336e-08, -1.2876791855021e-09, 7.09394143427744e-08, 2.009676218032837e+00, 2.057169914245605e+00, 2.062432527542114e+00, 2.063678026199341e+00, 2.059654235839844e+00, 2.021751880645752e+00, 1.930591940879822e+00, 1.874301910400391e+00, 1.858571767807007e+00, 1.845731735229492e+00, 1.832488656044006e+00, 1.819557905197144e+00, 1.806691288948059e+00, 1.796003937721252e+00, 1.798181653022766e+00, 1.794013857841492e+00, 1.771178722381592e+00, 1.764296770095825e+00, 1.761422753334045e+00, 1.760029435157776e+00, 1.759485960006714e+00, 1.759619355201721e+00, 1.759676933288574e+00, 1.75911271572113e+00, 1.766383767127991e+00, 1.788955211639404e+00, 1.813904047012329e+00, 1.843277812004089e+00, -3.295288024673937e-07, 1.060579393197258e-07, 4.125255941289652e-07, 9.903423858759197e-08, -1.650570524702744e-08, -2.460637915646657e-07, -2.26865665808873e-07, -1.007901602179118e-07, 1.369622459890252e-08, 6.590575907239327e-08, 3.944980875303372e-08, 1.069944346454577e-07, 9.961954816617435e-08, -3.546970788192993e-07, 1.679836003631863e-07, -1.973661056808853e-07, 1.18232364343388e-07, 3.854843271255972e-07, 7.14076664465324e-09, -3.376060817572579e-07, -1.132104102907761e-06, 1.232309045917646e-06, 1.927184820175171e+00, 1.920929789543152e+00, 1.91300630569458e+00, 1.90920877456665e+00, 1.908698201179504e+00, 1.893479824066162e+00, 1.849398970603942e+00, 1.815435886383057e+00, 1.805900692939758e+00, 1.797718644142151e+00, 1.787560701370239e+00, 1.778427839279175e+00, 1.7734614610672e+00, 1.768239498138428e+00, 1.771284818649292e+00, 1.765588402748108e+00, 1.747832536697388e+00, 1.754562377929688e+00, 1.757371544837952e+00, 1.757417798042297e+00, 1.753811478614807e+00, 1.746441721916199e+00, 1.742873430252075e+00, 1.741729140281677e+00, 1.753042459487915e+00, 1.783690929412842e+00, 1.8036288022995e+00, 1.81738805770874e+00, 7.035411186961937e-08, 2.598770798556416e-08, -5.267778391271349e-08, -3.856013961467397e-07, -3.597307340896805e-07, 1.610769544413415e-07, 9.610769211576553e-07, 1.57096863517836e-07, -5.853087459151141e-10, -3.284752665422275e-07, 5.713783934879757e-07]
fanSupCol.m_flow=[-0e+00, 1.194029763951221e-08, -1.673982907846039e-08, 1.97834353343751e-07, 2.212466938544821e-07, 4.131109108129749e-07, 1.723148841392685e-07, -1.45858933819909e-07, -1.021949032065095e-07, -2.036874349187201e-07, -3.511852364468382e-09, 1.956101698397106e-07, 2.780521810054779e-01, 1.629320979118347e-01, 1.505815535783768e-01, 1.477425098419189e-01, 1.575973927974701e-01, 2.513521909713751e-01, 5.447902083396912e-01, 8.115760684013367e-01, 8.957163095474243e-01, 9.654120206832886e-01, 1.03805148601532e+00, 1.110578298568726e+00, 1.183398127555847e+00, 1.245025157928467e+00, 1.231805801391602e+00, 1.255403280258179e+00, 1.389102101325989e+00, 1.429533720016479e+00, 1.445862650871277e+00, 1.453176498413086e+00, 1.455304622650146e+00, 1.45349657535553e+00, 1.452412843704224e+00, 1.455074787139893e+00, 1.413199305534363e+00, 1.281572699546814e+00, 1.136519074440002e+00, 9.700207114219666e-01, -9.113256851378537e-07, 2.934737892701378e-07, 1.141000780080503e-06, 2.728709205257474e-07, -4.518583196500003e-08, -6.803628593843314e-07, -6.275679993450467e-07, -2.782557544378506e-07, 3.781094193300305e-08, 1.815627683754428e-07, 1.093356729597872e-07, 2.959320966056112e-07, 2.754462968823645e-07, -9.802751037568669e-07, 4.646180684630963e-07, -5.464441983349395e-07, 3.26953454532495e-07, 1.066549543793375e-06, 2.048580505231712e-08, -9.348551088805834e-07, -3.130114009763929e-06, 3.408955080885789e-06, 5.544539093971252e-01, 5.820560455322266e-01, 6.177441477775574e-01, 6.351710557937622e-01, 6.376218795776367e-01, 7.096203565597534e-01, 9.386066198349018e-01, 1.127701878547668e+00, 1.181347131729126e+00, 1.228411197662354e+00, 1.287822604179382e+00, 1.341856241226196e+00, 1.369315385818481e+00, 1.395976424217224e+00, 1.375758767127991e+00, 1.403191924095154e+00, 1.482621550559998e+00, 1.44023060798645e+00, 1.429264664649963e+00, 1.432020783424377e+00, 1.451590299606323e+00, 1.483623504638672e+00, 1.48978316783905e+00, 1.484733700752258e+00, 1.422104716300964e+00, 1.282632231712341e+00, 1.189385652542114e+00, 1.117223739624023e+00, 1.943224958722567e-07, 7.211003349993916e-08, -1.45624809988476e-07, -1.066315462594503e-06, -9.951419315257226e-07, 4.458881903701695e-07, 2.658121047716122e-06, 4.346502464613877e-07, -1.872987986928365e-09, -9.081650205189362e-07, 1.580567641212838e-06]
fanRet.m_flow=[-0e+00, -4.092478604889038e-07, -4.624914424766757e-07, -8.143595664478198e-08, 1.385230685713168e-08, 4.000975479812041e-07, 9.803920875128824e-08, -4.197443956854841e-07, -3.898546196978714e-07, -5.641595635097474e-07, -2.901570326230285e-07, 8.200175471984039e-08, 3.329937934875488e+00, 3.266650915145874e+00, 3.259414911270142e+00, 3.257643699645996e+00, 3.263581037521362e+00, 3.315469026565552e+00, 3.502277374267578e+00, 3.695515632629395e+00, 3.755493640899658e+00, 3.806920528411865e+00, 3.86054539680481e+00, 3.914628505706787e+00, 3.970305919647217e+00, 4.017558574676514e+00, 4.008129596710205e+00, 4.026788234710693e+00, 4.128595352172852e+00, 4.159297943115234e+00, 4.172443389892578e+00, 4.178951740264893e+00, 4.181787014007568e+00, 4.181356430053711e+00, 4.180738925933838e+00, 4.182956218719482e+00, 4.151431560516357e+00, 4.051764011383057e+00, 3.941753387451172e+00, 3.815479516983032e+00, -1.775241344148526e-06, 5.281435733195394e-08, 1.636445176700363e-06, 4.199395107207238e-07, -7.372938881644586e-08, -1.244151690116269e-06, -1.342171458418306e-06, -8.537508051631448e-07, -4.028875082440209e-07, -1.23168462096146e-07, -2.099892668638859e-07, 1.3990829472732e-07, 1.948492780456945e-07, -1.95116558643349e-06, 2.554677394073224e-07, -1.300907229051519e-06, 7.162227433356444e-08, 1.45125352446485e-06, -1.402594875798968e-07, -1.699990207271185e-06, -5.838357083121082e-06, 4.878255367657403e-06, 3.508094549179077e+00, 3.527999401092529e+00, 3.553821325302124e+00, 3.566631078720093e+00, 3.56840181350708e+00, 3.620341539382935e+00, 3.789193391799928e+00, 3.930868625640869e+00, 3.971617460250854e+00, 4.007355213165283e+00, 4.052267551422119e+00, 4.092992782592773e+00, 4.11495304107666e+00, 4.136124610900879e+00, 4.121334552764893e+00, 4.141539573669434e+00, 4.197659492492676e+00, 4.163504123687744e+00, 4.15651798248291e+00, 4.159500598907471e+00, 4.173335552215576e+00, 4.194110870361328e+00, 4.19340705871582e+00, 4.177152633666992e+00, 4.131774425506592e+00, 4.044972896575928e+00, 3.978632926940918e+00, 3.924834489822388e+00, -8.305530485586132e-08, -2.428836012313695e-07, -5.992976070956502e-07, -2.20784295379417e-06, -2.410340357528185e-06, -1.998439103090277e-07, 3.679738483697292e-06, 6.456735377469158e-07, -3.433811235353801e-09, -1.530855456621794e-06, 2.319500481462455e-06]
fanSupHot.dp=[0e+00, 2.473825588822365e-10, -3.492459654808044e-10, 4.030880518257618e-09, 4.511093720793724e-09, 8.41100700199604e-09, 3.507011570036411e-09, -2.968590706586838e-09, -2.08092387765646e-09, -4.147295840084553e-09, -7.275957614183426e-11, 3.972672857344151e-09, 4.582621765136719e+01, 4.804105377197266e+01, 4.828646469116211e+01, 4.834454345703125e+01, 4.815690231323242e+01, 4.638933181762694e+01, 3.701787567138672e+01, 2.411330413818359e+01, 1.963011169433594e+01, 1.576583957672119e+01, 1.16456937789917e+01, 7.414168834686279e+00, 3.03930926322937e+00, -7.542573809623718e-01, 2.296180464327335e-02, -1.456400156021118e+00, -9.88740730285646e+00, -1.250850677490234e+01, -1.358149814605713e+01, -1.407059955596924e+01, -1.422618389129639e+01, -1.411963844299316e+01, -1.404626655578613e+01, -1.421691703796387e+01, -1.15225305557251e+01, -3.19710111618042e+00, 5.644918918609619e+00, 1.530801773071289e+01, -1.855369191616774e-08, 5.966285243630409e-09, 2.32248567044735e-08, 5.558831617236137e-09, -9.167706593871117e-10, -1.385342329740524e-08, -1.27765815705061e-08, -5.660695023834705e-09, 7.712515071034431e-10, 3.69618646800518e-09, 2.226443029940128e-09, 6.024492904543877e-09, 5.602487362921238e-09, -1.995067577809095e-08, 9.458744898438454e-09, -1.111766323447229e-08, 6.650225259363837e-09, 2.171145752072342e-08, 4.074536263942719e-10, -1.903390511870384e-08, -6.372283678501844e-08, 6.939808372408152e-08, 3.633970642089844e+01, 3.514097213745117e+01, 3.351067352294922e+01, 3.269072341918945e+01, 3.257804870605469e+01, 2.909439277648926e+01, 1.703943252563466e+01, 6.196323394775437e+00, 2.985079526901271e+00, 1.165908202528954e-01, -3.567744255065918e+00, -6.96987247467041e+00, -8.720210075378418e+00, -1.039883422851562e+01, -9.091766357421875e+00, -1.076182556152344e+01, -1.551375389099121e+01, -1.264827060699463e+01, -1.201086235046387e+01, -1.223096942901611e+01, -1.346275520324707e+01, -1.535919380187988e+01, -1.547634887695312e+01, -1.472595405578613e+01, -1.075841808319092e+01, -2.808048963546753e+00, 2.559738636016846e+00, 6.76172924041748e+00, 3.958120942115784e-09, 1.455191522836685e-09, -2.968590706586838e-09, -2.171145752072334e-08, -2.025626599788666e-08, 9.080395102500916e-09, 5.410402081906796e-08, 8.862116374075413e-09, -4.365574568510056e-11, -1.849548425525427e-08, 3.217428456991911e-08]
fanSupCol.dp=[0e+00, 1.746229827404022e-10, -2.619344741106033e-10, 3.332388587296009e-09, 3.739842213690281e-09, 6.926711648702621e-09, 2.881279215216637e-09, -2.444721758365632e-09, -1.717125996947289e-09, -3.405148163437843e-09, -5.820766091346741e-11, 3.245077095925808e-09, -4.41055793762207e+01, -4.571801376342773e+01, -4.589099502563477e+01, -4.593075942993164e+01, -4.579272842407227e+01, -4.447954559326171e+01, -4.036897659301758e+01, -3.663069915771484e+01, -3.545172119140625e+01, -3.447492599487305e+01, -3.345679092407227e+01, -3.244016265869141e+01, -3.141934394836426e+01, -3.055536651611328e+01, -3.074069786071777e+01, -3.040986633300781e+01, -2.853524398803711e+01, -2.796827507019043e+01, -2.773929595947266e+01, -2.76367359161377e+01, -2.760689544677734e+01, -2.763225364685059e+01, -2.764745140075684e+01, -2.761012268066406e+01, -2.819726371765137e+01, -3.004296493530273e+01, -3.207651138305664e+01, -3.441032791137695e+01, -1.526495907455683e-08, 4.94765117764473e-09, 1.913576852530241e-08, 4.569301381707191e-09, -7.712515071034431e-10, -1.140870153903961e-08, -1.04919308796525e-08, -4.671164788305759e-09, 6.111804395914078e-10, 3.041350282728672e-09, 1.833541318774223e-09, 4.962203092873096e-09, 4.627509042620659e-09, -1.644366420805454e-08, 7.785274647176266e-09, -9.138602763414395e-09, 5.471520125866088e-09, 1.788430381566292e-08, 2.91038304567337e-10, -1.564330887049437e-08, -5.251786205917597e-08, 5.718902684748173e-08, -4.023358154296875e+01, -3.984686660766602e+01, -3.934685134887695e+01, -3.910268402099609e+01, -3.90683479309082e+01, -3.805940628051758e+01, -3.485057449340817e+01, -3.220009994506837e+01, -3.144807624816895e+01, -3.078827285766602e+01, -2.995530891418457e+01, -2.919769859313965e+01, -2.881267547607422e+01, -2.84388370513916e+01, -2.872233963012695e+01, -2.833767127990723e+01, -2.722389221191406e+01, -2.7818359375e+01, -2.797212791442871e+01, -2.79334716796875e+01, -2.765904998779297e+01, -2.720985221862793e+01, -2.712350273132324e+01, -2.719433975219727e+01, -2.807261276245117e+01, -3.002815437316895e+01, -3.133540153503418e+01, -3.234698486328125e+01, 3.274180926382542e-09, 1.178705133497715e-09, -2.401066012680531e-09, -1.789885573089123e-08, -1.667649485170841e-08, 7.450580596923828e-09, 4.457251634448767e-08, 7.34871719032526e-09, -5.820766091346741e-11, -1.527951098978519e-08, 2.65135895460844e-08]
fanRet.dp=[0e+00, -1.193257048726082e-09, -1.33877620100975e-09, -2.619344741106033e-10, 1.455191522836685e-11, 1.120497472584248e-09, 2.619344741106033e-10, -1.207808963954449e-09, -1.120497472584248e-09, -1.615262590348721e-09, -8.440110832452774e-10, 2.182787284255028e-10, -1.611325225830078e+02, -1.618709259033203e+02, -1.619553527832031e+02, -1.619760131835938e+02, -1.6190673828125e+02, -1.613013458251953e+02, -1.591218566894531e+02, -1.568673248291016e+02, -1.561677398681641e+02, -1.555678100585938e+02, -1.549422302246094e+02, -1.543113250732422e+02, -1.536618194580078e+02, -1.531106109619141e+02, -1.532205963134766e+02, -1.530029449462891e+02, -1.518153686523438e+02, -1.514572296142578e+02, -1.513038787841797e+02, -1.512279663085938e+02, -1.511949005126953e+02, -1.511999206542969e+02, -1.512071228027344e+02, -1.511812591552734e+02, -1.515489501953125e+02, -1.527115936279297e+02, -1.539948883056641e+02, -1.554679565429688e+02, -5.064066499471664e-09, 1.164153218269348e-10, 4.627509042620659e-09, 1.193257048726082e-09, -2.037268131971359e-10, -3.550667315721512e-09, -3.841705620288849e-09, -2.459273673593998e-09, -1.178705133497715e-09, -3.783497959375381e-10, -6.257323548197746e-10, 3.783497959375381e-10, 5.384208634495735e-10, -5.573383532464504e-09, 6.83940015733242e-10, -3.725290298461918e-09, 1.746229827404451e-10, 4.103640094399462e-09, -4.074536263942719e-10, -4.845787771046162e-09, -1.663283910602331e-08, 1.380976755172014e-08, -1.590539703369141e+02, -1.588217468261719e+02, -1.585204925537109e+02, -1.583710479736328e+02, -1.583503875732422e+02, -1.577443389892578e+02, -1.557745971679687e+02, -1.541218719482422e+02, -1.536465148925781e+02, -1.532296295166016e+02, -1.527057189941406e+02, -1.522306518554688e+02, -1.519744873046875e+02, -1.517275238037109e+02, -1.519000549316406e+02, -1.516643676757812e+02, -1.510097503662109e+02, -1.514081573486328e+02, -1.514896545410156e+02, -1.514548492431641e+02, -1.512934722900391e+02, -1.510511322021484e+02, -1.510593414306641e+02, -1.512489471435547e+02, -1.517782745361328e+02, -1.527908172607422e+02, -1.535646820068359e+02, -1.541922607421875e+02, -2.619344741106033e-10, -7.130438461899757e-10, -1.731677912175655e-09, -6.300979293882847e-09, -6.897607818245888e-09, -6.402842700481415e-10, 1.04046193882823e-08, 1.833541318774223e-09, -1.455191522836685e-11, -4.351022653281689e-09, 6.577465683221817e-09]
flo.sou.air.vol.T=[2.931499938964844e+02, 2.923798828125e+02, 2.922748107910156e+02, 2.921970825195312e+02, 2.920639038085938e+02, 2.919620666503906e+02, 2.919018249511719e+02, 2.918101501464844e+02, 2.916725463867188e+02, 2.915939025878906e+02, 2.915896301269531e+02, 2.914873657226562e+02, 2.917958068847656e+02, 2.91773681640625e+02, 2.917481384277344e+02, 2.917311706542969e+02, 2.91756591796875e+02, 2.918935546875e+02, 2.921978759765625e+02, 2.925433044433594e+02, 2.927842102050781e+02, 2.930666809082031e+02, 2.933645935058594e+02, 2.934898986816406e+02, 2.935415344238281e+02, 2.935704040527344e+02, 2.935650024414062e+02, 2.935674743652344e+02, 2.936066284179688e+02, 2.936215209960938e+02, 2.936265563964844e+02, 2.936247253417969e+02, 2.936192016601562e+02, 2.936113891601562e+02, 2.936053161621094e+02, 2.936019897460938e+02, 2.935800476074219e+02, 2.935312805175781e+02, 2.934790649414062e+02, 2.934046325683594e+02, 2.932360534667969e+02, 2.930661010742188e+02, 2.930722961425781e+02, 2.932574157714844e+02, 2.932463684082031e+02, 2.931722717285156e+02, 2.928285827636719e+02, 2.92728271484375e+02, 2.926429748535156e+02, 2.9258349609375e+02, 2.925307312011719e+02, 2.924820556640625e+02, 2.924452819824219e+02, 2.923454284667969e+02, 2.922297668457031e+02, 2.922015380859375e+02, 2.921544494628906e+02, 2.9216162109375e+02, 2.922461242675781e+02, 2.92197021484375e+02, 2.919581909179688e+02, 2.91935302734375e+02, 2.926661376953125e+02, 2.926864929199219e+02, 2.927132263183594e+02, 2.927279663085938e+02, 2.927185974121094e+02, 2.927677917480469e+02, 2.929814453125e+02, 2.932327270507812e+02, 2.933379211425781e+02, 2.934017639160156e+02, 2.934537963867188e+02, 2.934891052246094e+02, 2.935092468261719e+02, 2.935282287597656e+02, 2.935260009765625e+02, 2.935405578613281e+02, 2.935728149414062e+02, 2.935430908203125e+02, 2.9353369140625e+02, 2.935329895019531e+02, 2.935423889160156e+02, 2.935607299804688e+02, 2.935611877441406e+02, 2.93532470703125e+02, 2.934924926757812e+02, 2.934265747070312e+02, 2.933309326171875e+02, 2.932352294921875e+02, 2.928163452148438e+02, 2.926907653808594e+02, 2.926292724609375e+02, 2.925954284667969e+02, 2.926054077148438e+02, 2.927130432128906e+02, 2.927843322753906e+02, 2.92772705078125e+02, 2.927695922851562e+02, 2.926826171875e+02, 2.926535034179688e+02]
flo.eas.air.vol.T=[2.931499938964844e+02, 2.924093627929688e+02, 2.923101501464844e+02, 2.922387390136719e+02, 2.921714782714844e+02, 2.921039428710938e+02, 2.920502319335938e+02, 2.919908752441406e+02, 2.919149475097656e+02, 2.918478698730469e+02, 2.917958374023438e+02, 2.917437744140625e+02, 2.922372436523438e+02, 2.922296447753906e+02, 2.92217041015625e+02, 2.922001647949219e+02, 2.9222265625e+02, 2.923638000488281e+02, 2.926351928710938e+02, 2.929346618652344e+02, 2.931679992675781e+02, 2.933448791503906e+02, 2.934580078125e+02, 2.934632873535156e+02, 2.934722595214844e+02, 2.934898071289062e+02, 2.934837646484375e+02, 2.93491943359375e+02, 2.935414733886719e+02, 2.935555114746094e+02, 2.935590209960938e+02, 2.935600280761719e+02, 2.935599670410156e+02, 2.935597534179688e+02, 2.935589294433594e+02, 2.935604553222656e+02, 2.935401611328125e+02, 2.934832763671875e+02, 2.934069519042969e+02, 2.932686157226562e+02, 2.930514831542969e+02, 2.929305419921875e+02, 2.928193969726562e+02, 2.928378601074219e+02, 2.928682861328125e+02, 2.927190246582031e+02, 2.927359313964844e+02, 2.926915893554688e+02, 2.9264111328125e+02, 2.925978393554688e+02, 2.925590209960938e+02, 2.925136413574219e+02, 2.924599914550781e+02, 2.924183959960938e+02, 2.923824462890625e+02, 2.923489685058594e+02, 2.923096618652344e+02, 2.922534484863281e+02, 2.921255798339844e+02, 2.92110107421875e+02, 2.9222119140625e+02, 2.921798400878906e+02, 2.928245849609375e+02, 2.928409423828125e+02, 2.928619079589844e+02, 2.928733215332031e+02, 2.928697509765625e+02, 2.929189147949219e+02, 2.931159362792969e+02, 2.933426208496094e+02, 2.934102172851562e+02, 2.934469604492188e+02, 2.934864807128906e+02, 2.935161743164062e+02, 2.935278625488281e+02, 2.93538818359375e+02, 2.935321044921875e+02, 2.935457458496094e+02, 2.935786437988281e+02, 2.935549011230469e+02, 2.935463256835938e+02, 2.93545654296875e+02, 2.935542602539062e+02, 2.935694274902344e+02, 2.935686645507812e+02, 2.935740051269531e+02, 2.935409851074219e+02, 2.934664611816406e+02, 2.9340771484375e+02, 2.933528747558594e+02, 2.928626708984375e+02, 2.927679443359375e+02, 2.927449951171875e+02, 2.926498718261719e+02, 2.925706176757812e+02, 2.925575561523438e+02, 2.926007385253906e+02, 2.927681579589844e+02, 2.92802001953125e+02, 2.927615356445312e+02, 2.926928100585938e+02]
flo.nor.air.vol.T=[2.931499938964844e+02, 2.923794860839844e+02, 2.922746276855469e+02, 2.921982727050781e+02, 2.92127197265625e+02, 2.920549926757812e+02, 2.919958801269531e+02, 2.919322204589844e+02, 2.9185302734375e+02, 2.917825927734375e+02, 2.917274475097656e+02, 2.916712951660156e+02, 2.923910217285156e+02, 2.923999633789062e+02, 2.923894958496094e+02, 2.923797912597656e+02, 2.923876953125e+02, 2.924400329589844e+02, 2.925986938476562e+02, 2.928041687011719e+02, 2.929373168945312e+02, 2.930734558105469e+02, 2.931768188476562e+02, 2.932888793945312e+02, 2.934024047851562e+02, 2.934485778808594e+02, 2.934570617675781e+02, 2.93477294921875e+02, 2.935302429199219e+02, 2.935469665527344e+02, 2.935522766113281e+02, 2.935555725097656e+02, 2.935573120117188e+02, 2.935577392578125e+02, 2.935587463378906e+02, 2.935614013671875e+02, 2.935462646484375e+02, 2.9350537109375e+02, 2.934622802734375e+02, 2.934094543457031e+02, 2.928475952148438e+02, 2.927035217285156e+02, 2.926581420898438e+02, 2.926214904785156e+02, 2.92639892578125e+02, 2.925867309570312e+02, 2.925202331542969e+02, 2.924714660644531e+02, 2.924208068847656e+02, 2.923774719238281e+02, 2.923390197753906e+02, 2.922952270507812e+02, 2.922429809570312e+02, 2.922001953125e+02, 2.921632385253906e+02, 2.921309814453125e+02, 2.920933532714844e+02, 2.920640258789062e+02, 2.920425109863281e+02, 2.920263671875e+02, 2.919991149902344e+02, 2.919761047363281e+02, 2.929611511230469e+02, 2.930029907226562e+02, 2.930408020019531e+02, 2.930676879882812e+02, 2.930750732421875e+02, 2.931352844238281e+02, 2.93339111328125e+02, 2.934562377929688e+02, 2.934837341308594e+02, 2.935037231445312e+02, 2.93526611328125e+02, 2.935462951660156e+02, 2.935625305175781e+02, 2.935851135253906e+02, 2.935893249511719e+02, 2.936147766113281e+02, 2.936744995117188e+02, 2.936581726074219e+02, 2.936461181640625e+02, 2.936419067382812e+02, 2.936525268554688e+02, 2.936800231933594e+02, 2.936993103027344e+02, 2.937047424316406e+02, 2.936714782714844e+02, 2.935881652832031e+02, 2.935235290527344e+02, 2.93489013671875e+02, 2.930068969726562e+02, 2.928738403320312e+02, 2.92826904296875e+02, 2.9278662109375e+02, 2.927517700195312e+02, 2.927328186035156e+02, 2.927253112792969e+02, 2.926622314453125e+02, 2.927074890136719e+02, 2.926723327636719e+02, 2.924471740722656e+02]
flo.wes.air.vol.T=[2.931499938964844e+02, 2.920982055664062e+02, 2.919955444335938e+02, 2.919285888671875e+02, 2.918791198730469e+02, 2.918472900390625e+02, 2.918507690429688e+02, 2.917948913574219e+02, 2.916956481933594e+02, 2.916233825683594e+02, 2.915429992675781e+02, 2.915192565917969e+02, 2.923614501953125e+02, 2.923678894042969e+02, 2.92365966796875e+02, 2.923670959472656e+02, 2.923726196289062e+02, 2.924191284179688e+02, 2.925641479492188e+02, 2.927437438964844e+02, 2.928338623046875e+02, 2.929139099121094e+02, 2.930152587890625e+02, 2.931240539550781e+02, 2.932275695800781e+02, 2.933251342773438e+02, 2.933514099121094e+02, 2.934066772460938e+02, 2.934995727539062e+02, 2.935284423828125e+02, 2.935442199707031e+02, 2.935536193847656e+02, 2.935589904785156e+02, 2.935603637695312e+02, 2.935603332519531e+02, 2.935615844726562e+02, 2.935436401367188e+02, 2.934945983886719e+02, 2.934374084472656e+02, 2.93355224609375e+02, 2.929555969238281e+02, 2.92829345703125e+02, 2.927850646972656e+02, 2.927621459960938e+02, 2.927667846679688e+02, 2.927159423828125e+02, 2.92653076171875e+02, 2.9260498046875e+02, 2.925543518066406e+02, 2.925116271972656e+02, 2.924736938476562e+02, 2.924324951171875e+02, 2.923844299316406e+02, 2.923427429199219e+02, 2.922997436523438e+02, 2.922724609375e+02, 2.922363586425781e+02, 2.922109069824219e+02, 2.921865844726562e+02, 2.921702880859375e+02, 2.9214404296875e+02, 2.920978393554688e+02, 2.928947448730469e+02, 2.929253234863281e+02, 2.929576110839844e+02, 2.929797973632812e+02, 2.929848327636719e+02, 2.930398254394531e+02, 2.932386474609375e+02, 2.934222717285156e+02, 2.934656066894531e+02, 2.934917907714844e+02, 2.935174560546875e+02, 2.93537353515625e+02, 2.935490112304688e+02, 2.935601196289062e+02, 2.935543518066406e+02, 2.935668640136719e+02, 2.936061096191406e+02, 2.935858154296875e+02, 2.935746765136719e+02, 2.935745544433594e+02, 2.935831298828125e+02, 2.936028442382812e+02, 2.936179809570312e+02, 2.936559143066406e+02, 2.936427612304688e+02, 2.93529541015625e+02, 2.934862365722656e+02, 2.934653015136719e+02, 2.930859680175781e+02, 2.92971923828125e+02, 2.929271850585938e+02, 2.928857727050781e+02, 2.928497619628906e+02, 2.928323364257812e+02, 2.928290405273438e+02, 2.928173522949219e+02, 2.928144226074219e+02, 2.927883911132812e+02, 2.925758972167969e+02]
flo.cor.air.vol.T=[2.931499938964844e+02, 2.928847045898438e+02, 2.928187866210938e+02, 2.927740173339844e+02, 2.927293090820312e+02, 2.926864624023438e+02, 2.926580505371094e+02, 2.926192016601562e+02, 2.925610961914062e+02, 2.925125122070312e+02, 2.924782409667969e+02, 2.924395751953125e+02, 2.935060119628906e+02, 2.934716186523438e+02, 2.934668273925781e+02, 2.934656982421875e+02, 2.934698486328125e+02, 2.935022583007812e+02, 2.935744323730469e+02, 2.936533203125e+02, 2.936894836425781e+02, 2.937250061035156e+02, 2.937615966796875e+02, 2.937990417480469e+02, 2.93846435546875e+02, 2.938917236328125e+02, 2.938663330078125e+02, 2.938874206542969e+02, 2.94037841796875e+02, 2.94080810546875e+02, 2.941044616699219e+02, 2.941216735839844e+02, 2.941346740722656e+02, 2.941436767578125e+02, 2.941522521972656e+02, 2.941630554199219e+02, 2.94107421875e+02, 2.939459533691406e+02, 2.937977294921875e+02, 2.937101745605469e+02, 2.936694641113281e+02, 2.9355322265625e+02, 2.935127563476562e+02, 2.935001220703125e+02, 2.934998779296875e+02, 2.934593811035156e+02, 2.934012145996094e+02, 2.933619079589844e+02, 2.933212890625e+02, 2.932857055664062e+02, 2.932532348632812e+02, 2.932216491699219e+02, 2.931885070800781e+02, 2.931515808105469e+02, 2.931113891601562e+02, 2.930848999023438e+02, 2.930550231933594e+02, 2.930312805175781e+02, 2.930090026855469e+02, 2.929896545410156e+02, 2.929550476074219e+02, 2.9292626953125e+02, 2.93575439453125e+02, 2.935825805664062e+02, 2.935915832519531e+02, 2.935960693359375e+02, 2.935967102050781e+02, 2.936184997558594e+02, 2.937110900878906e+02, 2.938599548339844e+02, 2.93906982421875e+02, 2.939444885253906e+02, 2.939897766113281e+02, 2.940332946777344e+02, 2.940562744140625e+02, 2.940814514160156e+02, 2.940396728515625e+02, 2.940643615722656e+02, 2.942031860351562e+02, 2.941673583984375e+02, 2.941658935546875e+02, 2.941778259277344e+02, 2.942049255371094e+02, 2.942471008300781e+02, 2.942590637207031e+02, 2.942532653808594e+02, 2.941687927246094e+02, 2.939989013671875e+02, 2.938809204101562e+02, 2.937843322753906e+02, 2.937603149414062e+02, 2.936556091308594e+02, 2.936163330078125e+02, 2.935757446289062e+02, 2.935429077148438e+02, 2.935355529785156e+02, 2.935400390625e+02, 2.935392761230469e+02, 2.935411682128906e+02, 2.935134887695312e+02, 2.934347534179688e+02]
cor.vavHot.m_flow=[2.044842379814522e-18, -3.55687918354719e-13, -2.6987927951444e-13, -1.620952395746389e-12, -1.846769265290149e-12, -2.712078174885169e-12, -1.32602858814862e-12, 2.976194594592197e-13, 8.217144548345115e-14, 5.463548992563905e-13, -6.654658920267342e-13, -1.416860552494459e-12, 6.290332078933716e-01, 6.440607309341431e-01, 6.45728588104248e-01, 6.461233496665955e-01, 6.448473334312439e-01, 6.328477859497069e-01, 6.039849519729614e-01, 5.859977602958679e-01, 5.809003114700317e-01, 5.767669081687927e-01, 5.726041793823242e-01, 5.685119032859802e-01, 5.643602013587952e-01, 5.608258247375488e-01, 5.617004632949829e-01, 5.603060722351074e-01, 5.520794987678528e-01, 5.495472550392151e-01, 5.484107136726379e-01, 5.477843880653381e-01, 5.474582314491272e-01, 5.473813414573669e-01, 5.47285795211792e-01, 5.46973705291748e-01, 5.498248338699341e-01, 5.582989454269409e-01, 5.669955611228943e-01, 5.764771103858948e-01, 5.038497830761601e-12, -8.802598407131601e-13, -5.904382018029342e-12, -1.274848174075138e-12, 2.334558870005499e-13, 3.040795913678007e-12, 3.565953088369156e-12, 1.97244716219902e-12, 4.042896659811612e-13, -2.433426724013366e-13, 1.179690974897549e-13, -9.515293284204085e-13, -1.010086979336133e-12, 5.504613691947879e-12, -1.58161732408818e-12, 3.404270572035522e-12, -9.296589106172956e-13, -5.095913274688623e-12, -6.930990612170895e-13, 4.256622831988466e-12, 1.672795756080259e-11, -1.636388941017586e-11, 6.029072999954224e-01, 6.009185910224915e-01, 5.983973145484924e-01, 5.971877574920654e-01, 5.970249772071838e-01, 5.92166543006897e-01, 5.780901908874511e-01, 5.668827891349792e-01, 5.637044310569763e-01, 5.60949981212616e-01, 5.574919581413269e-01, 5.543135404586792e-01, 5.526717305183411e-01, 5.510441660881042e-01, 5.525946617126465e-01, 5.509843230247498e-01, 5.451306700706482e-01, 5.478364825248718e-01, 5.483512878417969e-01, 5.479921102523804e-01, 5.465880632400513e-01, 5.443292856216431e-01, 5.439215302467346e-01, 5.445526242256165e-01, 5.491023063659668e-01, 5.578500032424927e-01, 5.635814666748047e-01, 5.68034827709198e-01, -2.064985986025003e-12, -1.267272853495982e-12, -5.075451913133869e-14, 4.057068916929474e-12, 3.407702071911434e-12, -3.560953398470956e-12, -1.386167396144611e-11, -1.879463381801449e-12, 1.092872655843484e-14, 4.686401440523458e-12, -6.518819338496851e-12]
sou.vavHot.m_flow=[-0e+00, 2.998365011136483e-12, 2.449372952725848e-12, -5.642201116040635e-13, -3.113383465966346e-12, -4.27447617232235e-12, -3.525716827865177e-12, -3.693835168294693e-12, -5.787469895685016e-12, -5.422026543022707e-12, -4.31345063833799e-12, -6.787795152340959e-12, 3.543485105037689e-01, 3.627030253410339e-01, 3.636280000209808e-01, 3.638468682765961e-01, 3.631398975849152e-01, 3.564743399620056e-01, 3.404410183429718e-01, 3.305824995040894e-01, 3.278477191925049e-01, 3.256655037403107e-01, 3.23114812374115e-01, 3.206782341003418e-01, 3.184373080730438e-01, 3.166156709194183e-01, 3.169794380664825e-01, 3.163089752197266e-01, 3.125836849212646e-01, 3.114693462848663e-01, 3.110268414020538e-01, 3.108443021774292e-01, 3.108080923557281e-01, 3.10883492231369e-01, 3.10938835144043e-01, 3.108868896961212e-01, 3.120385110378265e-01, 3.15677672624588e-01, 3.198619782924652e-01, 3.249810039997101e-01, -6.743212325327486e-12, -1.190392662914208e-11, -1.0468715304357e-11, -3.62017192482092e-13, 1.362240263083278e-13, 2.012721152938601e-12, -8.589996769448049e-12, -1.016529135172695e-11, -1.138704148334613e-11, -1.147554534036699e-11, -1.103672708779868e-11, -1.045777874020271e-11, -8.617068864014144e-12, -7.608462471164756e-12, -1.433667767836155e-11, -1.038517622592438e-11, -1.231447322586067e-11, -1.18643827401455e-11, -4.026105837606764e-12, -3.780185366120126e-12, -6.821261437639503e-12, -2.396438256169198e-11, 3.398421108722687e-01, 3.387438654899597e-01, 3.373534679412842e-01, 3.366873562335968e-01, 3.365978598594666e-01, 3.339308500289917e-01, 3.263494074344634e-01, 3.206349611282349e-01, 3.189301490783691e-01, 3.174806535243988e-01, 3.157197833061218e-01, 3.141695857048035e-01, 3.13379317522049e-01, 3.126292824745178e-01, 3.131603300571442e-01, 3.124233484268188e-01, 3.104489743709564e-01, 3.11674952507019e-01, 3.119651973247528e-01, 3.118871748447418e-01, 3.113695681095123e-01, 3.105679452419281e-01, 3.105219602584839e-01, 3.109110891819e-01, 3.126295506954193e-01, 3.161205351352692e-01, 3.187353014945984e-01, 3.208939433097839e-01, -1.22565829013821e-11, -1.260235665823117e-11, -1.272885529618462e-11, -9.780024012862043e-12, -7.36122621192159e-12, -4.303808177896773e-12, -3.789418431821012e-12, -2.5422258699212e-13, 6.478229106312346e-15, -4.511248687978642e-13, 9.34305367447652e-13]
eas.vavHot.m_flow=[-0e+00, 1.468468250644117e-12, 1.549077923226894e-12, 9.012016935656952e-13, 1.227164528848357e-12, 9.615266482326801e-13, 1.356683211953258e-12, 2.608458804856385e-12, 3.685877558029516e-12, 3.812883602599682e-12, 2.361640180290059e-12, 3.170015248563085e-12, 2.523246109485626e-01, 2.582738101482391e-01, 2.589324712753296e-01, 2.590883374214172e-01, 2.585848867893219e-01, 2.538384199142455e-01, 2.424207776784897e-01, 2.354000210762024e-01, 2.334433048963547e-01, 2.316543459892273e-01, 2.299091219902039e-01, 2.283875197172165e-01, 2.268846184015274e-01, 2.25619837641716e-01, 2.2587950527668e-01, 2.253924012184143e-01, 2.227289527654648e-01, 2.219415903091431e-01, 2.216314226388931e-01, 2.214950025081635e-01, 2.214558273553848e-01, 2.214908599853516e-01, 2.21517413854599e-01, 2.214691638946533e-01, 2.222819477319717e-01, 2.248819172382355e-01, 2.278943955898285e-01, 2.316135615110397e-01, 3.553569547995461e-12, 1.735375189902688e-12, -4.376688681612118e-12, -7.345737516525896e-13, 1.003529196048382e-13, -1.16457386269142e-12, 1.737724547590247e-12, 2.751480467078071e-12, 3.443558806159874e-12, 4.221815171762122e-12, 4.928687666327924e-12, 2.688806208933636e-12, 5.546775603930409e-13, 5.739520404085541e-12, 6.47702507947101e-12, 7.527587060629494e-12, 3.733882127099305e-12, -2.402174596391433e-12, -3.154573824382112e-12, -9.558093249165123e-13, 1.064538734940612e-11, 9.419363075982568e-13, 2.41994321346283e-01, 2.412122040987015e-01, 2.402219921350479e-01, 2.39747628569603e-01, 2.396838814020157e-01, 2.377845495939255e-01, 2.3238967359066e-01, 2.281752228736878e-01, 2.269922941923141e-01, 2.259948551654816e-01, 2.247567176818848e-01, 2.236598581075668e-01, 2.231147736310959e-01, 2.226022332906723e-01, 2.229946553707123e-01, 2.224810868501663e-01, 2.211059331893921e-01, 2.219725549221039e-01, 2.221684604883194e-01, 2.221073657274246e-01, 2.217413932085037e-01, 2.211923599243164e-01, 2.211859077215195e-01, 2.214152663946152e-01, 2.226268947124481e-01, 2.250775992870331e-01, 2.268600910902023e-01, 2.283492237329483e-01, -6.25252670818921e-12, -5.334263846606957e-12, -4.480092078568143e-12, -4.532841550025646e-12, -6.11814071627137e-12, -8.843310632389301e-12, -1.161692790574431e-11, -1.257144670481491e-12, 4.600563314772219e-15, 2.524997355299319e-12, 2.26772637126893e-12]
nor.vavHot.m_flow=[-0e+00, 2.186714568100379e-12, 3.018122861006556e-12, 4.984996356677263e-12, 6.730204935023743e-12, 5.439421916358933e-12, 4.867882572728854e-12, 6.633913470638355e-12, 7.842154876869234e-12, 8.512909127622592e-12, 8.153591517234826e-12, 6.850424307675018e-12, 4.869950711727142e-01, 4.984766840934753e-01, 4.997478723526001e-01, 5.000486969947815e-01, 4.990770816802979e-01, 4.899167120456695e-01, 4.678803384304047e-01, 4.54329639673233e-01, 4.505707919597626e-01, 4.4757479429245e-01, 4.445286989212036e-01, 4.413400590419769e-01, 4.381345510482788e-01, 4.356007277965546e-01, 4.360493123531342e-01, 4.35066819190979e-01, 4.299179911613464e-01, 4.283880889415741e-01, 4.277824461460114e-01, 4.275096952915192e-01, 4.274263381958008e-01, 4.27491158246994e-01, 4.275346398353577e-01, 4.274362027645111e-01, 4.289841949939728e-01, 4.339434504508972e-01, 4.396525621414185e-01, 4.466107189655304e-01, 6.525328888340454e-12, 2.402190208902755e-12, 4.077465903980226e-13, -1.862681233213981e-12, 1.386629255428068e-13, 4.860355607566591e-12, 6.001086780282883e-12, 4.583230496513213e-12, 3.941404060764375e-12, 2.872121811214878e-12, 3.086563339985138e-12, 2.046398423979912e-12, 1.449059405453368e-12, 7.26517197097154e-12, 3.235079521976547e-12, 6.701266711678358e-12, 2.307000727605441e-12, -6.699706978433286e-13, 5.489491240046052e-12, 9.528977433503893e-12, 1.691086506938611e-11, -7.028368338712898e-12, 4.670571982860565e-01, 4.65547651052475e-01, 4.636365175247192e-01, 4.627209305763245e-01, 4.625979065895081e-01, 4.589320123195648e-01, 4.480609893798827e-01, 4.400115013122559e-01, 4.378388226032257e-01, 4.359626173973083e-01, 4.336257874965668e-01, 4.315289556980133e-01, 4.301483631134033e-01, 4.283843040466309e-01, 4.285098314285278e-01, 4.262340366840363e-01, 4.194551408290863e-01, 4.203293025493622e-01, 4.217453598976135e-01, 4.223683178424835e-01, 4.214590787887573e-01, 4.184338748455048e-01, 4.157262146472931e-01, 4.142407774925232e-01, 4.177950918674469e-01, 4.286334216594696e-01, 4.36201423406601e-01, 4.402594268321991e-01, 1.188553248876456e-11, 1.156365454779706e-11, 1.207740418091019e-11, 1.87560782877183e-11, 1.975502747497693e-11, 9.339536088948108e-12, -8.407424062495394e-12, -4.077964528559352e-12, 5.817843680633794e-15, 4.586570706566206e-12, -1.588765577431595e-11]
wes.vavHot.m_flow=[0e+00, -5.897060183918112e-12, -5.875964211726759e-12, -6.322748314496751e-12, -6.075446569442366e-12, -5.67192039863107e-12, -3.890968710423826e-12, -3.253334017114251e-12, -3.875536610381536e-12, -3.858673363471565e-12, -5.087344608079025e-12, -4.62861346472998e-12, 2.869747877120972e-01, 2.93655663728714e-01, 2.943956553936005e-01, 2.945708036422729e-01, 2.940051853656769e-01, 2.88674384355545e-01, 2.758625149726868e-01, 2.679915130138397e-01, 2.658089697360992e-01, 2.640695869922638e-01, 2.623311579227448e-01, 2.606394290924072e-01, 2.588738799095154e-01, 2.573413550853729e-01, 2.575726509094238e-01, 2.569393217563629e-01, 2.538680136203766e-01, 2.529501616954803e-01, 2.525711357593536e-01, 2.523960173130035e-01, 2.523375153541565e-01, 2.523724436759949e-01, 2.524002492427826e-01, 2.523467540740967e-01, 2.532537281513214e-01, 2.561547756195068e-01, 2.59501188993454e-01, 2.635970115661621e-01, 6.66260970005883e-12, 4.521549367558775e-12, 2.324890497132359e-12, -1.134581320495938e-13, 1.195503657007435e-13, 2.363138764532868e-12, 7.802845175541862e-12, 5.878374609996628e-12, 3.632537846909312e-12, 2.290754174891219e-12, 1.682835619985779e-12, 2.395814015926367e-12, 3.551703202375744e-12, 5.326822750256754e-12, -5.615231587000058e-13, 2.093546690173938e-12, 2.590286925924226e-12, 3.299555507291208e-12, 2.296831778589303e-12, 6.210072386880761e-12, 1.382464281940443e-11, -7.399815135644694e-12, 2.753842175006866e-01, 2.745071649551392e-01, 2.733968794345856e-01, 2.728650271892548e-01, 2.727935612201691e-01, 2.706642746925354e-01, 2.645066082477569e-01, 2.597307562828064e-01, 2.584344744682312e-01, 2.573300898075104e-01, 2.559656798839569e-01, 2.547555565834045e-01, 2.541469037532806e-01, 2.535792589187622e-01, 2.540250718593597e-01, 2.534652352333069e-01, 2.516909241676331e-01, 2.527494132518768e-01, 2.531412541866302e-01, 2.530626952648163e-01, 2.526531219482422e-01, 2.519182562828064e-01, 2.515179216861725e-01, 2.506096065044403e-01, 2.508895993232727e-01, 2.560105323791504e-01, 2.582511305809021e-01, 2.598516345024109e-01, 6.117233022212565e-12, 6.983968525026141e-12, 8.019411523729758e-12, 9.276049546536047e-12, 7.388070190350593e-12, 1.487544028927479e-12, -4.11069659214669e-12, 5.697040604026038e-13, 6.018545172870385e-15, 3.315649838020462e-12, -5.827322565460369e-12]
cor.vavCol.m_flow=[6.816127479704864e-18, -1.186044318313151e-12, -8.990079188898881e-13, -5.410172743830488e-12, -6.16373358602873e-12, -9.054847149858603e-12, -4.42619595489302e-12, 9.972298594534971e-13, 2.775230132506801e-13, 1.828382063806533e-12, -2.218088560046461e-12, -4.729782971529817e-12, 2.778709530830383e-01, 1.627886593341827e-01, 1.504397094249725e-01, 1.476034820079803e-01, 1.574604511260986e-01, 2.512345016002661e-01, 5.447176098823547e-01, 8.112658262252808e-01, 8.956300020217896e-01, 9.62462306022644e-01, 1.004514575004578e+00, 1.019242882728577e+00, 1.01564884185791e+00, 1.009295105934143e+00, 9.977249503135681e-01, 9.973005652427673e-01, 9.977751970291137e-01, 9.8648601770401e-01, 9.847438335418701e-01, 9.880420565605164e-01, 9.942085742950439e-01, 1.002342939376831e+00, 1.00948703289032e+00, 1.013572216033936e+00, 1.024898648262024e+00, 1.026420116424561e+00, 1.002903580665588e+00, 9.252386689186096e-01, 1.682721149920408e-11, -2.944575356114698e-12, -1.972161670082961e-11, -4.259151191454702e-12, 7.797919753492477e-13, 1.016003860904169e-11, 1.190869538397754e-11, 6.584638650303232e-12, 1.346291567810853e-12, -8.17562651692777e-13, 3.893740527487893e-13, -3.182234640727866e-12, -3.376689769810093e-12, 1.838335213222297e-11, -5.288491432969833e-12, 1.136687098612922e-11, -3.110418389865191e-12, -1.702409047066315e-11, -2.311039163857553e-12, 1.422180515714411e-11, 5.587049572985947e-11, -5.46668266210304e-11, 5.543325543403625e-01, 5.819477438926697e-01, 6.176363825798035e-01, 6.350622773170471e-01, 6.375123262405396e-01, 7.094280123710632e-01, 9.335262775421159e-01, 1.064158797264099e+00, 1.069058299064636e+00, 1.065872073173523e+00, 1.054167151451111e+00, 1.03997802734375e+00, 1.030723333358765e+00, 1.022307634353638e+00, 1.012028574943542e+00, 1.00319504737854e+00, 1.012544751167297e+00, 1.04192042350769e+00, 1.052509903907776e+00, 1.056977391242981e+00, 1.052160143852234e+00, 1.0416579246521e+00, 1.045448422431946e+00, 1.054418087005615e+00, 1.075088143348694e+00, 1.073151826858521e+00, 1.042854189872742e+00, 9.966743588447571e-01, -6.890172026680075e-12, -4.226769542009512e-12, -1.640262632749551e-13, 1.356127276447294e-11, 1.13941920135141e-11, -1.188561315340619e-11, -4.629954752921606e-11, -6.280261900803996e-12, 3.650848544377132e-14, 1.565345249254779e-11, -2.178528364649157e-11]
sou.vavCol.m_flow=[-0e+00, 9.994303128146864e-12, 8.164899312212981e-12, -1.884672105878504e-12, -1.038232607525336e-11, -1.425644758495936e-11, -1.175580813250754e-11, -1.230986580030847e-11, -1.928951443019855e-11, -1.806934636638946e-11, -1.437807772147748e-11, -2.26298320360474e-11, 3.46530468959827e-05, 3.632558218669146e-05, 3.650952567113563e-05, 3.655263571999967e-05, 3.640977593022399e-05, 3.506349094095639e-05, 3.014595677086618e-05, 2.479182876413688e-05, 2.301300446561072e-05, 2.150217187590897e-05, 5.533049814403057e-03, 6.158661469817162e-02, 1.221798285841942e-01, 1.626762002706528e-01, 1.557696014642715e-01, 1.549222618341446e-01, 1.897898018360139e-01, 2.023527324199677e-01, 2.04755574464798e-01, 1.983709186315536e-01, 1.876062154769897e-01, 1.745989322662354e-01, 1.646743416786194e-01, 1.5805022418499e-01, 1.371485143899918e-01, 9.336888045072556e-02, 5.150767788290977e-02, 1.597791723906994e-02, -2.24592133085677e-11, -3.968552222954891e-11, -3.491836333968656e-11, -1.212142365647484e-12, 4.5498788113843e-13, 6.72258689687899e-12, -2.862078976595406e-11, -3.38787123355111e-11, -3.795748784729547e-11, -3.825537109314325e-11, -3.67912089682676e-11, -3.486510039008017e-11, -2.872899140804464e-11, -2.534200974069201e-11, -4.779809187338557e-11, -3.460633168916869e-11, -4.105467701909233e-11, -3.956910493707626e-11, -1.342073327470494e-11, -1.25820022803258e-11, -2.26752523008189e-11, -7.994895023788473e-11, 2.98835202556802e-05, 2.936126657004934e-05, 2.866653449018486e-05, 2.83217214018805e-05, 2.827414573403075e-05, 2.682894773897715e-05, 2.201762072218112e-05, 1.925897086039133e-04, 2.713555935770234e-03, 1.036704331636429e-02, 2.569911442697048e-02, 4.329722747206688e-02, 5.65812774002552e-02, 7.125959545373917e-02, 7.190602272748947e-02, 8.374306559562683e-02, 1.081126034259796e-01, 8.174610882997513e-02, 7.306169718503952e-02, 7.171497493982315e-02, 7.799152284860611e-02, 9.258373826742172e-02, 9.29887592792511e-02, 6.482894718647003e-02, 4.104075953364372e-02, 1.644107140600681e-02, 2.461131429299712e-03, 2.350897557334974e-04, -4.085908000828198e-11, -4.200921555064241e-11, -4.242656573283377e-11, -3.257881464602264e-11, -2.451759455179836e-11, -1.435486191719848e-11, -1.268423040212685e-11, -8.560647850319736e-13, 2.163371783418192e-14, -1.485672804397986e-12, 3.08290610921691e-12]
eas.vavCol.m_flow=[-0e+00, 4.894725683796119e-12, 5.163824663007022e-12, 3.00119521248754e-12, 4.087407929481701e-12, 3.1992340634307e-12, 4.519833292360165e-12, 8.696916450889885e-12, 1.228769083011505e-11, 1.271248210865661e-11, 7.872173399259275e-12, 1.056394034748553e-11, 2.468066304572858e-05, 2.587188282632269e-05, 2.600289190013427e-05, 2.603359462227672e-05, 2.593184763099998e-05, 2.497299101378302e-05, 2.147061240975745e-05, 1.765728120517451e-05, 2.471738844178617e-05, 2.89088930003345e-03, 2.791633084416389e-02, 2.852220833301544e-02, 3.015834279358387e-02, 3.691696748137474e-02, 3.416579961776733e-02, 3.763639181852341e-02, 6.222514808177951e-02, 6.902328133583069e-02, 6.965035200119019e-02, 6.933844834566116e-02, 6.890992820262909e-02, 6.899765878915787e-02, 6.847329437732695e-02, 6.930845230817793e-02, 5.886666104197502e-02, 3.187664970755577e-02, 9.833495132625103e-03, 5.013736081309617e-04, 1.185811952103544e-11, 5.780417811074301e-12, -1.46051087890342e-11, -2.452439293310071e-12, 3.351505000175753e-13, -3.872271427118879e-12, 5.801290437618123e-12, 9.175528392635357e-12, 1.147797829004205e-11, 1.407012527321339e-11, 1.642738896301399e-11, 8.958481526044615e-12, 1.845018712462454e-12, 1.914559136229066e-11, 2.158347979508424e-11, 2.509965672803368e-11, 1.244162585456438e-11, -8.022353614744889e-12, -1.05155259499945e-11, -3.172795793454641e-12, 3.552890620595051e-11, 3.091503615604285e-12, 2.128369851561729e-05, 2.091173882945441e-05, 2.041693369392306e-05, 2.017134829657152e-05, 2.013746416196227e-05, 1.91081635421142e-05, 1.568050720379702e-05, 2.293975325301242e-03, 9.38335806131356e-03, 1.782628707587719e-02, 3.226014599204063e-02, 4.717428982257843e-02, 5.327070504426956e-02, 5.895623564720154e-02, 5.58653399348259e-02, 6.397765874862671e-02, 8.249694854021072e-02, 6.796498596668243e-02, 6.189864873886108e-02, 6.079547479748726e-02, 6.510003656148911e-02, 7.350945472717285e-02, 7.251253724098206e-02, 7.882978767156601e-02, 6.070004776120186e-02, 2.410084567964077e-02, 9.150873869657516e-03, 3.134880913421512e-03, -2.084449453321202e-11, -1.778188533918534e-11, -1.493157507359566e-11, -1.50943632593048e-11, -2.037969445978227e-11, -2.948399510649402e-11, -3.876069257224835e-11, -4.196641732040485e-12, 1.536353780740712e-14, 8.429514898600221e-12, 7.536698695687072e-12]
nor.vavCol.m_flow=[-0e+00, 7.288728648413567e-12, 1.006086880472878e-11, 1.661122628338063e-11, 2.24279466526367e-11, 1.812008876278526e-11, 1.622154494063111e-11, 2.211700961263219e-11, 2.614327504479874e-11, 2.838189926135382e-11, 2.717871760982149e-11, 2.28293998288942e-11, 4.764804180013016e-05, 4.994777191313915e-05, 5.020069511374459e-05, 5.025997234042734e-05, 5.006353967473842e-05, 4.821240145247428e-05, 4.145081766182557e-05, 3.40889127983246e-05, 3.164303780067712e-05, 2.956463868031278e-05, 5.87397298659198e-05, 1.222683116793633e-03, 1.529809087514877e-02, 3.46972681581974e-02, 4.140326753258705e-02, 5.684152245521545e-02, 1.024200841784478e-01, 1.189173012971878e-01, 1.230392828583717e-01, 1.262344121932983e-01, 1.284846663475037e-01, 1.297348588705063e-01, 1.31751835346222e-01, 1.35423943400383e-01, 1.232309266924858e-01, 8.730558305978775e-02, 5.293396487832069e-02, 2.386645786464214e-02, 2.177597165087253e-11, 7.999256639024122e-12, 1.327943289185229e-12, -6.216398489716779e-12, 4.634470975387051e-13, 1.621977205323866e-11, 2.002074721285663e-11, 1.528499896097379e-11, 1.313694725918468e-11, 9.56875551016978e-12, 1.028553717891123e-11, 6.81322142800922e-12, 4.8226448876032e-12, 2.424399916933773e-11, 1.077087290884959e-11, 2.235245669113259e-11, 7.681037229867332e-12, -2.262419418475134e-12, 1.829772444672528e-11, 3.178877994169937e-11, 5.645505590790023e-11, -2.352108438574696e-11, 4.108996654395014e-05, 4.037186954519711e-05, 3.941661270800978e-05, 3.894249675795436e-05, 3.887708226102404e-05, 3.68899418390356e-05, 4.863610491156816e-03, 4.690095037221885e-02, 7.049492001533489e-02, 9.103023260831833e-02, 1.167918294668198e-01, 1.396582275629044e-01, 1.487883925437927e-01, 1.556536555290222e-01, 1.511443108320236e-01, 1.57870277762413e-01, 1.668779850006104e-01, 1.458087414503098e-01, 1.419297903776169e-01, 1.436276435852051e-01, 1.516651958227158e-01, 1.61283865571022e-01, 1.631832867860794e-01, 1.575268805027008e-01, 1.385675519704819e-01, 1.060179024934769e-01, 9.244644641876221e-02, 8.452506363391876e-02, 3.961306629940431e-11, 3.854349131526824e-11, 4.026192226835867e-11, 6.254933376803606e-11, 6.587722034545607e-11, 3.11195687274779e-11, -2.809738726405886e-11, -1.360510228781697e-11, 1.94556302085579e-14, 1.531338944538163e-11, -5.300200556224155e-11]
wes.vavCol.m_flow=[0e+00, -1.965704855833028e-11, -1.958628051412781e-11, -2.107894761516071e-11, -2.025497651547692e-11, -1.891290769828746e-11, -1.297261256749671e-11, -1.084215963537139e-11, -1.291685682025534e-11, -1.285904889514189e-11, -1.695776331855914e-11, -1.543178258789357e-11, 2.742298420344014e-05, 2.874656274798326e-05, 2.889212919399142e-05, 2.892624615924433e-05, 2.881319232983515e-05, 2.77477956842631e-05, 2.385626430623233e-05, 1.961922680493444e-05, 1.821153819037136e-05, 1.701534347375855e-05, 1.574274756421801e-05, 1.444890949642286e-05, 1.248162880074233e-04, 1.447060145437717e-03, 2.745534759014845e-03, 8.704877458512783e-03, 3.690281882882126e-02, 5.275779962539673e-02, 6.367392092943192e-02, 7.119107991456985e-02, 7.609637081623077e-02, 7.782285660505295e-02, 7.802461087703705e-02, 7.872114330530165e-02, 6.890812516212463e-02, 4.257804155349731e-02, 1.952452212572098e-02, 4.414407536387444e-03, 2.222302029897261e-11, 1.506720442856491e-11, 7.731671206046009e-12, -3.824905615758961e-13, 3.992137837752902e-13, 7.887830145991703e-12, 2.601934639967496e-11, 1.959894052605549e-11, 1.210784944527532e-11, 7.632981920135951e-12, 5.607723920636465e-12, 7.981382915689395e-12, 1.183466519227849e-11, 1.777148393722339e-11, -1.879063961721106e-12, 6.987070644282118e-12, 8.629132131066096e-12, 1.098172247582237e-11, 7.6557787886955e-12, 2.071494017985565e-11, 4.613137302711401e-11, -2.471969157147313e-11, 2.364857937209308e-05, 2.323529042769223e-05, 2.268550633743871e-05, 2.241263609903399e-05, 2.23749866563594e-05, 2.123131889675278e-05, 2.128590131178696e-04, 1.416549179702982e-02, 2.970489673316466e-02, 4.332306981086731e-02, 5.891493335366249e-02, 7.175359129905701e-02, 7.995517551898956e-02, 8.780280500650406e-02, 8.481912314891815e-02, 9.440859407186508e-02, 1.125993877649307e-01, 1.027825996279716e-01, 9.986422955989838e-02, 9.890381991863251e-02, 1.046780496835709e-01, 1.145918443799019e-01, 1.156475692987442e-01, 1.291286945343018e-01, 1.066918671131134e-01, 6.290268898010254e-02, 4.246450215578079e-02, 3.264569491147995e-02, 2.038769500445348e-11, 2.3278743516153e-11, 2.673363266869622e-11, 3.093691622324535e-11, 2.464253454070864e-11, 4.951457212992727e-12, -1.374413690496956e-11, 1.892169580741676e-12, 2.009820464893806e-14, 1.106645417664476e-11, -1.94492616456543e-11]
weaDat.weaBus.TDryBul=[2.609500122070312e+02, 2.608676452636719e+02, 2.609342651367188e+02, 2.61153564453125e+02, 2.614064331054688e+02, 2.616917419433594e+02, 2.619866027832031e+02, 2.621011047363281e+02, 2.620299682617188e+02, 2.62211181640625e+02, 2.625067138671875e+02, 2.625499877929688e+02, 2.625499877929688e+02, 2.625499877929688e+02, 2.625499877929688e+02, 2.625875549316406e+02, 2.628901062011719e+02, 2.632776489257812e+02, 2.637460632324219e+02, 2.6446923828125e+02, 2.655892028808594e+02, 2.665859985351562e+02, 2.674020080566406e+02, 2.682179870605469e+02, 2.690339965820312e+02, 2.698500061035156e+02, 2.704558715820312e+02, 2.709069213867188e+02, 2.715532531738281e+02, 2.720364685058594e+02, 2.720499877929688e+02, 2.720499877929688e+02, 2.720499877929688e+02, 2.720499877929688e+02, 2.720499877929688e+02, 2.720499877929688e+02, 2.719675598144531e+02, 2.716164855957031e+02, 2.713160400390625e+02, 2.71072998046875e+02, 2.710076599121094e+02, 2.717365112304688e+02, 2.720211181640625e+02, 2.716227111816406e+02, 2.714859924316406e+02, 2.718775329589844e+02, 2.7202783203125e+02, 2.717281494140625e+02, 2.714362182617188e+02, 2.714474182128906e+02, 2.714500122070312e+02, 2.704067077636719e+02, 2.692704162597656e+02, 2.696753845214844e+02, 2.703369750976562e+02, 2.701487121582031e+02, 2.698616027832031e+02, 2.69929931640625e+02, 2.702106018066406e+02, 2.708657531738281e+02, 2.718394165039062e+02, 2.721007690429688e+02, 2.720183410644531e+02, 2.721641845703125e+02, 2.724365844726562e+02, 2.725657043457031e+02, 2.72480224609375e+02, 2.7264599609375e+02, 2.729339904785156e+02, 2.732219848632812e+02, 2.73510009765625e+02, 2.738106079101562e+02, 2.744635620117188e+02, 2.748500061035156e+02, 2.748500061035156e+02, 2.748500061035156e+02, 2.748500061035156e+02, 2.748500061035156e+02, 2.742786560058594e+02, 2.732598266601562e+02, 2.727458801269531e+02, 2.725348205566406e+02, 2.729032287597656e+02, 2.736190795898438e+02, 2.73848876953125e+02, 2.738165588378906e+02, 2.734445495605469e+02, 2.726629028320312e+02, 2.727448425292969e+02, 2.734616394042969e+02, 2.738507690429688e+02, 2.740790100097656e+02, 2.743446655273438e+02, 2.746334838867188e+02, 2.749204406738281e+02, 2.751761474609375e+02, 2.753359069824219e+02, 2.740944213867188e+02, 2.731499938964844e+02, 2.731499938964844e+02, 2.731499938964844e+02]
weaDat.weaBus.HGloHor=[0e+00, 0e+00, 0e+00, 0e+00, 0e+00, 0e+00, 0e+00, 0e+00, 0e+00, 0e+00, 0e+00, 0e+00, 0e+00, 0e+00, 5.802299890384269e-16, 3.419684171676636e+00, 2.249310874938965e+01, 7.238067626953138e+01, 1.324998474121094e+02, 1.955897369384766e+02, 2.557314453125e+02, 3.044623718261719e+02, 3.458858337402344e+02, 3.703623657226562e+02, 3.628850402832031e+02, 2.981751403808594e+02, 2.322208404541016e+02, 2.079606781005859e+02, 1.835730590820311e+02, 1.543350830078125e+02, 1.243963775634766e+02, 9.180991363525391e+01, 5.740960693359375e+01, 2.763039588928223e+01, 8.266829490661578e+00, 2.312187433242813e+00, 2.066075056791306e-01, 0e+00, 0e+00, 0e+00, 0e+00, 0e+00, 0e+00, 0e+00, 0e+00, 0e+00, 0e+00, 0e+00, 0e+00, 0e+00, 0e+00, 0e+00, 0e+00, 0e+00, 0e+00, 0e+00, 0e+00, 0e+00, 0e+00, 0e+00, 0e+00, 0e+00, 0e+00, 0e+00, 4.964398443698883e-01, 4.345361709594727e+00, 1.150661659240723e+01, 2.939430809020996e+01, 5.460244750976594e+01, 9.662947845458947e+01, 1.262883834838866e+02, 1.288179473876953e+02, 1.350611572265625e+02, 1.572942962646484e+02, 1.765086517333984e+02, 1.851353454589844e+02, 1.861397705078125e+02, 1.800178680419922e+02, 1.679496307373047e+02, 1.502548217773438e+02, 1.274680023193359e+02, 9.702375793457031e+01, 6.269397354125977e+01, 3.512522506713867e+01, 1.464144802093506e+01, 4.900000095367432e+00, 4.839999973773956e-01, 0e+00, 0e+00, 0e+00, 0e+00, 0e+00, 0e+00, 0e+00, 0e+00, 0e+00, 0e+00, 0e+00, 0e+00, 0e+00, 0e+00]
weaDat.weaBus.HDifHor=[0e+00, 0e+00, 0e+00, 0e+00, 0e+00, 0e+00, 0e+00, 0e+00, 0e+00, 0e+00, 0e+00, 0e+00, 0e+00, 0e+00, 4.18344348669057e-01, 4.644347667694092e+00, 1.503497886657715e+01, 3.449338150024418e+01, 5.088907623291016e+01, 6.271455001831055e+01, 7.274771881103516e+01, 7.534196472167969e+01, 8.180593109130859e+01, 1.134208297729492e+02, 1.447617645263672e+02, 1.593369750976562e+02, 1.67761474609375e+02, 1.717010498046875e+02, 1.635293426513671e+02, 1.340671234130859e+02, 9.878334808349609e+01, 7.318860626220703e+01, 4.95115852355957e+01, 2.715276718139648e+01, 8.81437397003169e+00, 1.758235335350053e+00, 6.434352695941925e-02, 0e+00, 0e+00, 0e+00, 0e+00, 0e+00, 0e+00, 0e+00, 0e+00, 0e+00, 0e+00, 0e+00, 0e+00, 0e+00, 0e+00, 0e+00, 0e+00, 0e+00, 0e+00, 0e+00, 0e+00, 0e+00, 0e+00, 0e+00, 0e+00, 0e+00, 0e+00, 0e+00, 5.067480206489563e-01, 4.385499954223633e+00, 1.141065120697021e+01, 2.876775169372559e+01, 5.352061843872102e+01, 9.560803985595666e+01, 1.25285919189453e+02, 1.283971557617188e+02, 1.350645446777344e+02, 1.574091339111328e+02, 1.764910888671875e+02, 1.845002899169922e+02, 1.851361541748047e+02, 1.793896179199219e+02, 1.678938293457031e+02, 1.504030456542969e+02, 1.274956817626953e+02, 9.698798370361328e+01, 6.268984603881836e+01, 3.512522506713867e+01, 1.464144802093506e+01, 4.900000095367432e+00, 4.839999973773956e-01, 0e+00, 0e+00, 0e+00, 0e+00, 0e+00, 0e+00, 0e+00, 0e+00, 0e+00, 0e+00, 0e+00, 0e+00, 0e+00, 0e+00]
conEco.VOut_flow_min=[2.145179271697998e+00, 2.145179271697998e+00]
conEco.VOut_flow=[0e+00, 1.784750907063426e-07, 1.814506589425946e-07, 1.663700288645487e-07, 1.424109115077954e-07, 1.096421087254384e-07, 7.454633532688604e-08, 7.734046647556171e-08, 9.417391311217216e-08, 9.880840678988534e-08, 1.185303233341983e-07, 9.663148148320033e-08, 1.198768377304077e+00, 1.022250890731812e+00, 9.75334107875824e-01, 9.621942043304443e-01, 9.696318507194519e-01, 1.007573246955872e+00, 1.120079040527344e+00, 1.250922441482544e+00, 1.335185289382935e+00, 1.416743993759155e+00, 1.495888471603394e+00, 1.578010082244873e+00, 1.664742231369019e+00, 1.750941634178162e+00, 1.79098916053772e+00, 1.840048909187317e+00, 1.96148705482483e+00, 2.028196811676025e+00, 2.046677827835083e+00, 2.05386209487915e+00, 2.056194305419922e+00, 2.055613994598389e+00, 2.055203676223755e+00, 2.056748390197754e+00, 2.028189182281494e+00, 1.930395007133484e+00, 1.828037023544312e+00, 1.721148133277893e+00, 1.300091838629669e-07, 1.742543673799446e-07, 8.145965324501958e-08, 7.551702374541946e-09, 3.616471289102918e-10, 6.331337942810933e-08, 1.395251700841982e-07, 1.696401312756279e-07, 1.931168895907831e-07, 1.726278071600973e-07, 1.606566826239941e-07, 1.395920037339238e-07, 1.030159282322529e-07, 1.573784089714536e-07, 2.043082787395178e-07, 1.765154564736806e-07, 1.888235772184996e-07, 1.088103545043859e-07, 7.204175034303262e-08, 8.282614771815133e-08, 3.386661830973026e-07, 2.479574732205947e-07, 1.773200631141663e+00, 1.677050113677979e+00, 1.662622451782227e+00, 1.663105249404907e+00, 1.653477191925049e+00, 1.698316097259521e+00, 1.843820452690126e+00, 1.975249290466308e+00, 2.032822132110595e+00, 2.089174747467041e+00, 2.181614398956299e+00, 2.261635780334473e+00, 2.291749954223633e+00, 2.314072132110596e+00, 2.304273128509521e+00, 2.321989059448242e+00, 2.326087951660156e+00, 2.204791069030762e+00, 2.134660959243774e+00, 2.102446317672729e+00, 2.130950212478638e+00, 2.207041025161743e+00, 2.240101099014282e+00, 2.242063522338867e+00, 2.180182695388794e+00, 2.037899732589722e+00, 1.978144407272339e+00, 1.986482739448547e+00, 1.6470461616791e-07, 1.492345802489581e-07, 1.523354029586699e-07, 2.064494282194573e-07, 3.385300999525498e-07, 3.814811861957423e-07, 2.448276461564092e-07, 2.197441695273028e-08, 2.124134028391733e-11, 2.995028225427632e-08, 9.099191800032713e-08]
conEco.yOA=[0e+00, 0e+00, 0e+00, 0e+00, 0e+00, 0e+00, 0e+00, 0e+00, 0e+00, 0e+00, 0e+00, 0e+00, 6.377303600311279e-01, 6.127313375473022e-01, 6.053207516670227e-01, 6.032350659370422e-01, 6.039947867393494e-01, 6.054320931434631e-01, 6.06318473815918e-01, 6.091342568397522e-01, 6.16043746471405e-01, 6.234816908836365e-01, 6.303249597549438e-01, 6.376087665557861e-01, 6.456411480903625e-01, 6.545824408531189e-01, 6.625468730926514e-01, 6.690371632575989e-01, 6.780339479446411e-01, 6.864191293716431e-01, 6.882637143135071e-01, 6.88906192779541e-01, 6.891763806343079e-01, 6.893011927604675e-01, 6.893611550331116e-01, 6.893923282623291e-01, 6.883432269096375e-01, 6.834456920623779e-01, 6.78951621055603e-01, 6.755767464637756e-01, 0e+00, 0e+00, 0e+00, 0e+00, 0e+00, 0e+00, 0e+00, 0e+00, 0e+00, 0e+00, 0e+00, 0e+00, 0e+00, 0e+00, 0e+00, 0e+00, 0e+00, 0e+00, 0e+00, 0e+00, 0e+00, 0e+00, 7.520069479942322e-01, 7.151180505752563e-01, 7.057808041572571e-01, 7.034271955490112e-01, 7.005929350852966e-01, 7.020867466926575e-01, 7.065332531929016e-01, 7.1230548620224e-01, 7.190027236938475e-01, 7.265536189079285e-01, 7.427186965942383e-01, 7.575541734695435e-01, 7.621045708656311e-01, 7.643083930015564e-01, 7.653982639312744e-01, 7.659046649932861e-01, 7.519919872283936e-01, 7.252126932144165e-01, 7.097554206848145e-01, 7.022166848182678e-01, 7.060452699661255e-01, 7.195945978164673e-01, 7.272984981536865e-01, 7.28773295879364e-01, 7.223280072212219e-01, 7.067428827285767e-01, 7.047309279441833e-01, 7.16691792011261e-01, 0e+00, 0e+00, 0e+00, 0e+00, 0e+00, 0e+00, 0e+00, 0e+00, 0e+00, 0e+00, 0e+00]
conEco.yOATFre.y=[8.00000011920929e-01, 1e+00, 1e+00, 1e+00, 1e+00, 1e+00, 1e+00, 1e+00, 1e+00, 1e+00, 1e+00, 1e+00, 6.377303600311279e-01, 6.127313375473022e-01, 6.053207516670227e-01, 6.032350659370422e-01, 6.039947867393494e-01, 6.054320931434631e-01, 6.06318473815918e-01, 6.091342568397522e-01, 6.16043746471405e-01, 6.234816908836365e-01, 6.303249597549438e-01, 6.376087665557861e-01, 6.456411480903625e-01, 6.545824408531189e-01, 6.625468730926514e-01, 6.690371632575989e-01, 6.780339479446411e-01, 6.864191293716431e-01, 6.882637143135071e-01, 6.88906192779541e-01, 6.891763806343079e-01, 6.893011927604675e-01, 6.893611550331116e-01, 6.893923282623291e-01, 6.883432269096375e-01, 6.834456920623779e-01, 6.78951621055603e-01, 6.755767464637756e-01, 1e+00, 1e+00, 1e+00, 1e+00, 1e+00, 1e+00, 1e+00, 1e+00, 1e+00, 1e+00, 1e+00, 1e+00, 1e+00, 1e+00, 1e+00, 1e+00, 1e+00, 1e+00, 1e+00, 1e+00, 1e+00, 1e+00, 7.520069479942322e-01, 7.151180505752563e-01, 7.057808041572571e-01, 7.034271955490112e-01, 7.005929350852966e-01, 7.020867466926575e-01, 7.065332531929016e-01, 7.1230548620224e-01, 7.190027236938475e-01, 7.265536189079285e-01, 7.427186965942383e-01, 7.575541734695435e-01, 7.621045708656311e-01, 7.643083930015564e-01, 7.653982639312744e-01, 7.659046649932861e-01, 7.519919872283936e-01, 7.252126932144165e-01, 7.097554206848145e-01, 7.022166848182678e-01, 7.060452699661255e-01, 7.195945978164673e-01, 7.272984981536865e-01, 7.28773295879364e-01, 7.223280072212219e-01, 7.067428827285767e-01, 7.047309279441833e-01, 7.16691792011261e-01, 1e+00, 1e+00, 1e+00, 1e+00, 1e+00, 1e+00, 1e+00, 1e+00, 1e+00, 1e+00, 1e+00]
conEco.conV_flow.y=[5.000000074505806e-02, 1.219999864697456e-01, 1.939999908208847e-01, 2.65999972820282e-01, 3.379999697208405e-01, 4.099999666213989e-01, 4.819999635219574e-01, 5.53999960422516e-01, 6.259999871253967e-01, 6.979999542236328e-01, 7.699999809265137e-01, 8.419999480247498e-01, 8.700582385063171e-01, 9.09635603427887e-01, 9.493588805198671e-01, 9.898221492767334e-01, 1e+00, 1e+00, 1e+00, 1e+00, 1e+00, 1e+00, 1e+00, 1e+00, 1e+00, 1e+00, 1e+00, 1e+00, 1e+00, 1e+00, 1e+00, 1e+00, 1e+00, 1e+00, 1e+00, 1e+00, 1e+00, 1e+00, 1e+00, 1e+00, 1e+00, 1e+00, 1e+00, 1e+00, 1e+00, 1e+00, 1e+00, 1e+00, 1e+00, 1e+00, 1e+00, 1e+00, 1e+00, 1e+00, 1e+00, 1e+00, 1e+00, 1e+00, 1e+00, 1e+00, 1e+00, 1e+00, 1e+00, 1e+00, 1e+00, 1e+00, 1e+00, 1e+00, 1e+00, 1e+00, 1e+00, 1e+00, 9.988205432891846e-01, 9.941890835762024e-01, 9.89037811756134e-01, 9.832093715667725e-01, 9.782990217208862e-01, 9.722476601600647e-01, 9.652098417282104e-01, 9.640389680862427e-01, 9.649649858474731e-01, 9.667271375656128e-01, 9.672507047653198e-01, 9.646717309951782e-01, 9.611241817474365e-01, 9.578269124031067e-01, 9.566085338592529e-01, 9.612138271331787e-01, 9.675387144088745e-01, 9.728356599807739e-01, 1e+00, 1e+00, 1e+00, 1e+00, 1e+00, 1e+00, 1e+00, 1e+00, 1e+00, 1e+00, 1e+00]
conEco.uOATSup=[3.499999940395355e-01, 8.539661169052124e-01, 1e+00, 1e+00, 1e+00, 1e+00, 1e+00, 1e+00, 1e+00, 1e+00, 1e+00, 1e+00, 9.653890877962112e-02, 0e+00, 0e+00, 0e+00, 0e+00, 0e+00, 0e+00, 0e+00, 0e+00, 0e+00, 0e+00, 0e+00, 0e+00, 0e+00, 0e+00, 0e+00, 0e+00, 0e+00, 0e+00, 0e+00, 0e+00, 0e+00, 0e+00, 0e+00, 0e+00, 0e+00, 0e+00, 0e+00, 2.787914276123047e-01, 4.968023300170898e-01, 7.148131132125854e-01, 9.328237771987915e-01, 1e+00, 1e+00, 1e+00, 1e+00, 1e+00, 1e+00, 1e+00, 1e+00, 1e+00, 1e+00, 1e+00, 1e+00, 1e+00, 1e+00, 1e+00, 1e+00, 1e+00, 1e+00, 1.761390119791031e-01, 0e+00, 0e+00, 0e+00, 0e+00, 0e+00, 0e+00, 0e+00, 0e+00, 0e+00, 0e+00, 0e+00, 0e+00, 0e+00, 0e+00, 0e+00, 0e+00, 0e+00, 0e+00, 0e+00, 0e+00, 0e+00, 0e+00, 0e+00, 0e+00, 0e+00, 0e+00, 0e+00, 3.065554797649384e-01, 5.502961277961731e-01, 7.940368056297302e-01, 1e+00, 1e+00, 1e+00, 1e+00, 1e+00, 1e+00, 1e+00, 1e+00]
