last-generated=2021-07-29
statistics-initialization=
{
  "linear": "0, 0, 0, 0, 0",
  "nonlinear": "0, 1, 5, 2, 5, 2, 5, 2, 1, 5, 2, 1, 0, 0, 0, 0, 0, 0",
  "numerical Jacobians": "0"
}
statistics-simulation=
{
  "linear": "0, 0, 0, 0, 0, 0, 3, 0, 0, 0, 3, 0, 0, 0, 4, 3, 0, 0, 0, 3, 0, 0, 0",
  "nonlinear": "1, 0, 1, 0, 0, 0, 0, 0, 1, 1",
  "number of continuous time states": "158",
  "numerical Jacobians": "0"
}
time=[0e+00, 1.728e+05]
flo.sou.air.vol.T=[2.931499938964844e+02, 2.921331787109375e+02, 2.920523376464844e+02, 2.920419311523438e+02, 2.920703735351562e+02, 2.919869689941406e+02, 2.919129333496094e+02, 2.918220825195312e+02, 2.916905212402344e+02, 2.916138305664062e+02, 2.916197204589844e+02, 2.915073852539062e+02, 2.922457580566406e+02, 2.919551086425781e+02, 2.922158203125e+02, 2.92371337890625e+02, 2.926672973632812e+02, 2.929538879394531e+02, 2.934407653808594e+02, 2.937685546875e+02, 2.936317138671875e+02, 2.937073059082031e+02, 2.937339782714844e+02, 2.937759094238281e+02, 2.939472351074219e+02, 2.941549072265625e+02, 2.941382751464844e+02, 2.9423193359375e+02, 2.946690979003906e+02, 2.947186279296875e+02, 2.947503356933594e+02, 2.947664184570312e+02, 2.947489318847656e+02, 2.947291259765625e+02, 2.947063598632812e+02, 2.946974182128906e+02, 2.946188049316406e+02, 2.943796691894531e+02, 2.941193542480469e+02, 2.938268127441406e+02, 2.935442199707031e+02, 2.933673400878906e+02, 2.933526306152344e+02, 2.935209655761719e+02, 2.935290222167969e+02, 2.933942565917969e+02, 2.930796508789062e+02, 2.929692687988281e+02, 2.928769836425781e+02, 2.928067626953125e+02, 2.927460021972656e+02, 2.926885986328125e+02, 2.92650634765625e+02, 2.925352172851562e+02, 2.924216613769531e+02, 2.923820495605469e+02, 2.92334716796875e+02, 2.923319091796875e+02, 2.924165954589844e+02, 2.923649291992188e+02, 2.921263427734375e+02, 2.920841369628906e+02, 2.926184387207031e+02, 2.9243701171875e+02, 2.926492614746094e+02, 2.926669006347656e+02, 2.929222106933594e+02, 2.930521545410156e+02, 2.932371520996094e+02, 2.934620971679688e+02, 2.935030822753906e+02, 2.935010070800781e+02, 2.934478454589844e+02, 2.93411865234375e+02, 2.935011901855469e+02, 2.936734313964844e+02, 2.936594543457031e+02, 2.937347106933594e+02, 2.939693603515625e+02, 2.939745178222656e+02, 2.939880065917969e+02, 2.94006591796875e+02, 2.940093383789062e+02, 2.940028991699219e+02, 2.939803161621094e+02, 2.934132385253906e+02, 2.93253662109375e+02, 2.93509521484375e+02, 2.933291625976562e+02, 2.930819396972656e+02, 2.92873291015625e+02, 2.928069152832031e+02, 2.927455444335938e+02, 2.927218627929688e+02, 2.927742309570312e+02, 2.928008117675781e+02, 2.926989135742188e+02, 2.928072509765625e+02, 2.928404541015625e+02, 2.927736511230469e+02, 2.926324157714844e+02]
flo.eas.air.vol.T=[2.931499938964844e+02, 2.922521362304688e+02, 2.92147705078125e+02, 2.920376892089844e+02, 2.919690856933594e+02, 2.919368286132812e+02, 2.919247741699219e+02, 2.918679809570312e+02, 2.917762756347656e+02, 2.917068176269531e+02, 2.916372985839844e+02, 2.916006774902344e+02, 2.923731384277344e+02, 2.920469970703125e+02, 2.923836059570312e+02, 2.925321044921875e+02, 2.928071899414062e+02, 2.930820922851562e+02, 2.935131225585938e+02, 2.937768859863281e+02, 2.937484130859375e+02, 2.936607360839844e+02, 2.935588073730469e+02, 2.935214233398438e+02, 2.9352734375e+02, 2.935361938476562e+02, 2.934541931152344e+02, 2.934714050292969e+02, 2.936957092285156e+02, 2.93738037109375e+02, 2.937568054199219e+02, 2.937792663574219e+02, 2.937940063476562e+02, 2.938080749511719e+02, 2.93821533203125e+02, 2.93841064453125e+02, 2.937940673828125e+02, 2.935912170410156e+02, 2.933093872070312e+02, 2.93001708984375e+02, 2.929551086425781e+02, 2.92886474609375e+02, 2.928715209960938e+02, 2.928779907226562e+02, 2.929064636230469e+02, 2.927783508300781e+02, 2.927633666992188e+02, 2.926724853515625e+02, 2.925875854492188e+02, 2.925333251953125e+02, 2.924905700683594e+02, 2.924594116210938e+02, 2.924521789550781e+02, 2.923635864257812e+02, 2.922874450683594e+02, 2.922586975097656e+02, 2.922262878417969e+02, 2.922795104980469e+02, 2.921771545410156e+02, 2.921659240722656e+02, 2.921247253417969e+02, 2.920643920898438e+02, 2.927293090820312e+02, 2.923539428710938e+02, 2.925800170898438e+02, 2.926079711914062e+02, 2.928544006347656e+02, 2.930048828125e+02, 2.932926330566406e+02, 2.935445556640625e+02, 2.935559997558594e+02, 2.935237426757812e+02, 2.934814147949219e+02, 2.934454040527344e+02, 2.934269104003906e+02, 2.934813537597656e+02, 2.934465942382812e+02, 2.934983215332031e+02, 2.937125854492188e+02, 2.937267456054688e+02, 2.937467041015625e+02, 2.937715759277344e+02, 2.937886352539062e+02, 2.93712646484375e+02, 2.935723571777344e+02, 2.937393188476562e+02, 2.9364794921875e+02, 2.933565979003906e+02, 2.932215576171875e+02, 2.929600219726562e+02, 2.928265380859375e+02, 2.928188171386719e+02, 2.928036804199219e+02, 2.927069091796875e+02, 2.926278991699219e+02, 2.926077575683594e+02, 2.926329956054688e+02, 2.927995910644531e+02, 2.928310241699219e+02, 2.927919311523438e+02, 2.927147521972656e+02]
flo.nor.air.vol.T=[2.931499938964844e+02, 2.923244018554688e+02, 2.922378845214844e+02, 2.921434936523438e+02, 2.920304870605469e+02, 2.9196923828125e+02, 2.919310607910156e+02, 2.91871826171875e+02, 2.917886657714844e+02, 2.917168579101562e+02, 2.916456298828125e+02, 2.916017761230469e+02, 2.922281799316406e+02, 2.919674377441406e+02, 2.923043823242188e+02, 2.924842834472656e+02, 2.926789245605469e+02, 2.928403930664062e+02, 2.931500549316406e+02, 2.934004821777344e+02, 2.934625244140625e+02, 2.93472412109375e+02, 2.934624328613281e+02, 2.934564819335938e+02, 2.934519958496094e+02, 2.934390563964844e+02, 2.933555908203125e+02, 2.933433837890625e+02, 2.934706115722656e+02, 2.934511108398438e+02, 2.934368896484375e+02, 2.934678344726562e+02, 2.934919128417969e+02, 2.935141906738281e+02, 2.935350341796875e+02, 2.935610961914062e+02, 2.935231323242188e+02, 2.933383178710938e+02, 2.930873413085938e+02, 2.92893798828125e+02, 2.926962585449219e+02, 2.926402587890625e+02, 2.926241760253906e+02, 2.926320190429688e+02, 2.926542663574219e+02, 2.925919494628906e+02, 2.924997863769531e+02, 2.924383239746094e+02, 2.923720397949219e+02, 2.923366394042969e+02, 2.923042297363281e+02, 2.922570190429688e+02, 2.922216491699219e+02, 2.921572265625e+02, 2.921148681640625e+02, 2.920884704589844e+02, 2.920434875488281e+02, 2.920326843261719e+02, 2.920142517089844e+02, 2.920018920898438e+02, 2.919227294921875e+02, 2.919059753417969e+02, 2.924390563964844e+02, 2.921783447265625e+02, 2.924131469726562e+02, 2.925042724609375e+02, 2.927281799316406e+02, 2.928652648925781e+02, 2.931897277832031e+02, 2.93498779296875e+02, 2.935339660644531e+02, 2.935260009765625e+02, 2.935035705566406e+02, 2.934815673828125e+02, 2.9346240234375e+02, 2.934554443359375e+02, 2.933803100585938e+02, 2.933811340332031e+02, 2.935872192382812e+02, 2.936020202636719e+02, 2.93622802734375e+02, 2.936492309570312e+02, 2.936675720214844e+02, 2.936773986816406e+02, 2.936704406738281e+02, 2.9364208984375e+02, 2.935478515625e+02, 2.933479309082031e+02, 2.931445007324219e+02, 2.929122924804688e+02, 2.92818603515625e+02, 2.927907104492188e+02, 2.927558898925781e+02, 2.927088317871094e+02, 2.926220703125e+02, 2.92565673828125e+02, 2.926382446289062e+02, 2.926543273925781e+02, 2.926932678222656e+02, 2.926545715332031e+02, 2.924581909179688e+02]
flo.wes.air.vol.T=[2.931499938964844e+02, 2.920897216796875e+02, 2.920024108886719e+02, 2.919355773925781e+02, 2.918908996582031e+02, 2.918603515625e+02, 2.918599548339844e+02, 2.918053283691406e+02, 2.91709716796875e+02, 2.916379089355469e+02, 2.915581970214844e+02, 2.915318298339844e+02, 2.922706909179688e+02, 2.920038146972656e+02, 2.923030700683594e+02, 2.924452819824219e+02, 2.926759338378906e+02, 2.928515319824219e+02, 2.931525268554688e+02, 2.933842468261719e+02, 2.934395446777344e+02, 2.9327490234375e+02, 2.93419921875e+02, 2.934927368164062e+02, 2.934269409179688e+02, 2.93346923828125e+02, 2.932479858398438e+02, 2.932638549804688e+02, 2.934225158691406e+02, 2.934430847167969e+02, 2.934763488769531e+02, 2.935206604003906e+02, 2.936400451660156e+02, 2.936639099121094e+02, 2.936765747070312e+02, 2.936968994140625e+02, 2.936560974121094e+02, 2.9346875e+02, 2.932124328613281e+02, 2.929095153808594e+02, 2.927937622070312e+02, 2.927442016601562e+02, 2.927319946289062e+02, 2.927853698730469e+02, 2.927955322265625e+02, 2.927372436523438e+02, 2.925957641601562e+02, 2.925397338867188e+02, 2.924954833984375e+02, 2.924721374511719e+02, 2.924500732421875e+02, 2.923909301757812e+02, 2.923346862792969e+02, 2.9228759765625e+02, 2.922945556640625e+02, 2.922628479003906e+02, 2.921852111816406e+02, 2.921390380859375e+02, 2.921687622070312e+02, 2.921488952636719e+02, 2.920404052734375e+02, 2.920865783691406e+02, 2.925950927734375e+02, 2.922740478515625e+02, 2.924732360839844e+02, 2.925075378417969e+02, 2.92737060546875e+02, 2.928872680664062e+02, 2.932083129882812e+02, 2.935022888183594e+02, 2.935405883789062e+02, 2.935354614257812e+02, 2.935152282714844e+02, 2.934945983886719e+02, 2.93477783203125e+02, 2.934755859375e+02, 2.934164123535156e+02, 2.934766540527344e+02, 2.937013244628906e+02, 2.937267761230469e+02, 2.9375732421875e+02, 2.937911987304688e+02, 2.938118591308594e+02, 2.93820556640625e+02, 2.938101196289062e+02, 2.93774169921875e+02, 2.936740417480469e+02, 2.934722900390625e+02, 2.932696838378906e+02, 2.930260009765625e+02, 2.929473571777344e+02, 2.929151306152344e+02, 2.928753051757812e+02, 2.928388061523438e+02, 2.927743530273438e+02, 2.927397766113281e+02, 2.927741394042969e+02, 2.928255615234375e+02, 2.928307495117188e+02, 2.927824096679688e+02, 2.926312866210938e+02]
flo.cor.air.vol.T=[2.931499938964844e+02, 2.928238830566406e+02, 2.927675476074219e+02, 2.927228393554688e+02, 2.926900634765625e+02, 2.926561584472656e+02, 2.926327819824219e+02, 2.925956420898438e+02, 2.92536865234375e+02, 2.924881896972656e+02, 2.924505004882812e+02, 2.924127807617188e+02, 2.930924682617188e+02, 2.926556701660156e+02, 2.928687438964844e+02, 2.928369750976562e+02, 2.931401977539062e+02, 2.932868041992188e+02, 2.935471801757812e+02, 2.93743896484375e+02, 2.93826171875e+02, 2.938593444824219e+02, 2.939029541015625e+02, 2.939447937011719e+02, 2.939780578613281e+02, 2.940013122558594e+02, 2.939308166503906e+02, 2.939515380859375e+02, 2.941725769042969e+02, 2.942148132324219e+02, 2.942467956542969e+02, 2.942883605957031e+02, 2.943275146484375e+02, 2.943573608398438e+02, 2.9438427734375e+02, 2.944134216308594e+02, 2.943698120117188e+02, 2.941689147949219e+02, 2.93885009765625e+02, 2.93605712890625e+02, 2.935953063964844e+02, 2.935578002929688e+02, 2.935353088378906e+02, 2.935323486328125e+02, 2.935356140136719e+02, 2.934991149902344e+02, 2.934337158203125e+02, 2.93385498046875e+02, 2.933392333984375e+02, 2.933047485351562e+02, 2.932745971679688e+02, 2.932420043945312e+02, 2.932140502929688e+02, 2.931709289550781e+02, 2.931293334960938e+02, 2.931039123535156e+02, 2.930685424804688e+02, 2.930517883300781e+02, 2.930420227050781e+02, 2.930240173339844e+02, 2.929639587402344e+02, 2.929320373535156e+02, 2.934776611328125e+02, 2.929683227539062e+02, 2.931100463867188e+02, 2.929463806152344e+02, 2.931693115234375e+02, 2.932593688964844e+02, 2.936062927246094e+02, 2.940166931152344e+02, 2.940905456542969e+02, 2.941203002929688e+02, 2.941310424804688e+02, 2.9413671875e+02, 2.941536254882812e+02, 2.941961364746094e+02, 2.941318359375e+02, 2.941632080078125e+02, 2.943947143554688e+02, 2.944289245605469e+02, 2.9446044921875e+02, 2.944935607910156e+02, 2.945215148925781e+02, 2.945345153808594e+02, 2.945261535644531e+02, 2.944826049804688e+02, 2.943723449707031e+02, 2.941736755371094e+02, 2.939717712402344e+02, 2.937308044433594e+02, 2.937111206054688e+02, 2.936808166503906e+02, 2.936464538574219e+02, 2.93607421875e+02, 2.935699768066406e+02, 2.935448608398438e+02, 2.935341491699219e+02, 2.93564453125e+02, 2.935728454589844e+02, 2.935455322265625e+02, 2.934629516601562e+02]
vav.VAVBox[2].TSup=[2.931499938964844e+02, 2.931468200683594e+02, 2.931347045898438e+02, 2.931090087890625e+02, 2.930679931640625e+02, 2.930116882324219e+02, 2.929416809082031e+02, 2.928581848144531e+02, 2.9275927734375e+02, 2.926460266113281e+02, 2.925176086425781e+02, 2.923770141601562e+02, 3.063675231933594e+02, 2.961159057617188e+02, 3.01017822265625e+02, 3.041200561523438e+02, 3.041690368652344e+02, 3.041505737304688e+02, 3.041670532226562e+02, 3.03513916015625e+02, 3.011272888183594e+02, 2.984158630371094e+02, 2.954620666503906e+02, 2.923377075195312e+02, 2.912065734863281e+02, 2.912017517089844e+02, 2.911764221191406e+02, 2.911693420410156e+02, 2.911774597167969e+02, 2.911702270507812e+02, 2.911542358398438e+02, 2.911965942382812e+02, 2.911670227050781e+02, 2.911554870605469e+02, 2.9115185546875e+02, 2.91151123046875e+02, 2.911439208984375e+02, 2.911338500976562e+02, 2.911331481933594e+02, 2.910742797851562e+02, 2.9105029296875e+02, 2.910389709472656e+02, 2.910216674804688e+02, 2.910064392089844e+02, 2.910080871582031e+02, 2.910005493164062e+02, 2.909627380371094e+02, 2.909140014648438e+02, 2.908540649414062e+02, 2.907844543457031e+02, 2.907067260742188e+02, 2.90620849609375e+02, 2.905292663574219e+02, 2.904300231933594e+02, 2.903194580078125e+02, 2.902039489746094e+02, 2.900803833007812e+02, 2.899525146484375e+02, 2.8982861328125e+02, 2.897013549804688e+02, 2.895605773925781e+02, 2.89404052734375e+02, 3.055993957519531e+02, 2.93680908203125e+02, 2.965589294433594e+02, 2.975679016113281e+02, 2.99482421875e+02, 3.002380065917969e+02, 2.998087768554688e+02, 2.982424621582031e+02, 2.964700317382812e+02, 2.94711669921875e+02, 2.932313842773438e+02, 2.919334411621094e+02, 2.911514587402344e+02, 2.911511535644531e+02, 2.912056884765625e+02, 2.911785583496094e+02, 2.911419067382812e+02, 2.911260070800781e+02, 2.911367797851562e+02, 2.911460571289062e+02, 2.9116357421875e+02, 2.911691589355469e+02, 2.911553039550781e+02, 2.911456909179688e+02, 2.911320495605469e+02, 2.911261901855469e+02, 2.911492309570312e+02, 2.911611328125e+02, 2.910794067382812e+02, 2.910711669921875e+02, 2.910578002929688e+02, 2.910377502441406e+02, 2.91008544921875e+02, 2.909661865234375e+02, 2.909119873046875e+02, 2.908582458496094e+02, 2.908560791015625e+02, 2.908529968261719e+02, 2.907881164550781e+02]
vav.VAVBox[3].TSup=[2.931499938964844e+02, 2.931468200683594e+02, 2.931347045898438e+02, 2.931090087890625e+02, 2.930679931640625e+02, 2.930116882324219e+02, 2.929416809082031e+02, 2.928581848144531e+02, 2.9275927734375e+02, 2.926460266113281e+02, 2.925176086425781e+02, 2.923770141601562e+02, 3.063746643066406e+02, 2.954499206542969e+02, 2.995371704101562e+02, 3.019875793457031e+02, 3.041093444824219e+02, 3.041538696289062e+02, 3.026264343261719e+02, 2.993741149902344e+02, 2.963434143066406e+02, 2.937858276367188e+02, 2.9174755859375e+02, 2.911546936035156e+02, 2.9120654296875e+02, 2.912017822265625e+02, 2.911764221191406e+02, 2.911693420410156e+02, 2.91177490234375e+02, 2.911702270507812e+02, 2.911542358398438e+02, 2.911965942382812e+02, 2.911670227050781e+02, 2.911554870605469e+02, 2.9115185546875e+02, 2.91151123046875e+02, 2.911439514160156e+02, 2.911338500976562e+02, 2.911331481933594e+02, 2.910743103027344e+02, 2.915053405761719e+02, 2.914125671386719e+02, 2.913300476074219e+02, 2.912703552246094e+02, 2.9127099609375e+02, 2.9124462890625e+02, 2.911655578613281e+02, 2.910810546875e+02, 2.909909362792969e+02, 2.908966369628906e+02, 2.907989501953125e+02, 2.906967468261719e+02, 2.905919799804688e+02, 2.904818420410156e+02, 2.903619384765625e+02, 2.902389221191406e+02, 2.901090698242188e+02, 2.899761047363281e+02, 2.898482666015625e+02, 2.897177124023438e+02, 2.895740051269531e+02, 2.894148864746094e+02, 3.055993957519531e+02, 2.941214294433594e+02, 2.973560791015625e+02, 2.989738464355469e+02, 3.010728149414062e+02, 3.02021484375e+02, 3.012956848144531e+02, 2.992359619140625e+02, 2.971902465820312e+02, 2.953277282714844e+02, 2.936906127929688e+02, 2.922123718261719e+02, 2.911514587402344e+02, 2.911511535644531e+02, 2.912056884765625e+02, 2.911785583496094e+02, 2.911419372558594e+02, 2.911260070800781e+02, 2.911367797851562e+02, 2.911460266113281e+02, 2.9116357421875e+02, 2.911691589355469e+02, 2.911553039550781e+02, 2.911456909179688e+02, 2.91132080078125e+02, 2.911261901855469e+02, 2.911492309570312e+02, 2.911612243652344e+02, 2.914977722167969e+02, 2.914178771972656e+02, 2.913453674316406e+02, 2.912760925292969e+02, 2.912041015625e+02, 2.911232604980469e+02, 2.9103759765625e+02, 2.909623718261719e+02, 2.909575805664062e+02, 2.909518432617188e+02, 2.908704223632812e+02]
vav.VAVBox[4].TSup=[2.931499938964844e+02, 2.931468505859375e+02, 2.931347351074219e+02, 2.931090393066406e+02, 2.930680236816406e+02, 2.9301171875e+02, 2.929417114257812e+02, 2.928582153320312e+02, 2.9275927734375e+02, 2.926460266113281e+02, 2.925176086425781e+02, 2.923770141601562e+02, 3.063718872070312e+02, 2.961510314941406e+02, 3.006482238769531e+02, 3.037337951660156e+02, 3.041634521484375e+02, 3.041455688476562e+02, 3.041565551757812e+02, 3.041602783203125e+02, 3.041598510742188e+02, 3.031460266113281e+02, 3.01585693359375e+02, 3.000542297363281e+02, 2.985697021484375e+02, 2.971236877441406e+02, 2.961971130371094e+02, 2.952353820800781e+02, 2.934696044921875e+02, 2.919512634277344e+02, 2.911542358398438e+02, 2.911965942382812e+02, 2.911670227050781e+02, 2.911554870605469e+02, 2.9115185546875e+02, 2.91151123046875e+02, 2.911439208984375e+02, 2.911338500976562e+02, 2.911331481933594e+02, 2.929961547851562e+02, 2.917180786132812e+02, 2.915872802734375e+02, 2.914742126464844e+02, 2.913938598632812e+02, 2.913940734863281e+02, 2.913589477539062e+02, 2.912605285644531e+02, 2.911592712402344e+02, 2.910550231933594e+02, 2.909491882324219e+02, 2.908421325683594e+02, 2.907322692871094e+02, 2.90621337890625e+02, 2.905060729980469e+02, 2.903818359375e+02, 2.902552795410156e+02, 2.901225280761719e+02, 2.899871520996094e+02, 2.898574523925781e+02, 2.897253723144531e+02, 2.89580322265625e+02, 2.894199829101562e+02, 3.055993957519531e+02, 2.951158142089844e+02, 2.991858215332031e+02, 3.018753662109375e+02, 3.041326599121094e+02, 3.041569519042969e+02, 3.041550598144531e+02, 3.037619323730469e+02, 3.018048400878906e+02, 2.999166564941406e+02, 2.981576843261719e+02, 2.964989013671875e+02, 2.949422302246094e+02, 2.934144287109375e+02, 2.924367980957031e+02, 2.912615051269531e+02, 2.911419067382812e+02, 2.911260070800781e+02, 2.911367797851562e+02, 2.911460571289062e+02, 2.9116357421875e+02, 2.911691589355469e+02, 2.911553039550781e+02, 2.911456909179688e+02, 2.911320495605469e+02, 2.911261901855469e+02, 2.911492309570312e+02, 2.941390686035156e+02, 2.915578308105469e+02, 2.914676513671875e+02, 2.913866271972656e+02, 2.91310302734375e+02, 2.91232177734375e+02, 2.911458129882812e+02, 2.910556335449219e+02, 2.909773254394531e+02, 2.909718017578125e+02, 2.9096533203125e+02, 2.908816528320312e+02]
vav.VAVBox[5].TSup=[2.931499938964844e+02, 2.931467590332031e+02, 2.931346740722656e+02, 2.931089782714844e+02, 2.930679626464844e+02, 2.930116577148438e+02, 2.929416809082031e+02, 2.928581848144531e+02, 2.927592468261719e+02, 2.926460266113281e+02, 2.92517578125e+02, 2.923769836425781e+02, 3.063746643066406e+02, 2.957789916992188e+02, 3.002943420410156e+02, 3.0349951171875e+02, 3.04155517578125e+02, 3.041443481445312e+02, 3.041565551757812e+02, 3.041610107421875e+02, 3.041605529785156e+02, 3.040581359863281e+02, 3.028187866210938e+02, 3.00974609375e+02, 2.995501708984375e+02, 2.985910949707031e+02, 2.982301330566406e+02, 2.976752014160156e+02, 2.961329650878906e+02, 2.946670227050781e+02, 2.930289611816406e+02, 2.911966552734375e+02, 2.911670227050781e+02, 2.911554870605469e+02, 2.9115185546875e+02, 2.91151123046875e+02, 2.911439514160156e+02, 2.911338500976562e+02, 2.911331481933594e+02, 2.910743103027344e+02, 2.915522155761719e+02, 2.914510803222656e+02, 2.9136181640625e+02, 2.912975158691406e+02, 2.912980346679688e+02, 2.912696838378906e+02, 2.911863708496094e+02, 2.910981750488281e+02, 2.910049743652344e+02, 2.909081420898438e+02, 2.908084106445312e+02, 2.907045288085938e+02, 2.905984191894531e+02, 2.904871520996094e+02, 2.903663024902344e+02, 2.902424926757812e+02, 2.901120300292969e+02, 2.89978515625e+02, 2.898502807617188e+02, 2.897193908691406e+02, 2.895754089355469e+02, 2.89416015625e+02, 3.055993957519531e+02, 2.945150451660156e+02, 2.983045959472656e+02, 3.007567749023438e+02, 3.032798767089844e+02, 3.041537780761719e+02, 3.041561584472656e+02, 3.0254638671875e+02, 3.00557373046875e+02, 2.9862548828125e+02, 2.968111877441406e+02, 2.95086669921875e+02, 2.934515991210938e+02, 2.918227844238281e+02, 2.912056884765625e+02, 2.911785583496094e+02, 2.911419372558594e+02, 2.911260070800781e+02, 2.911367797851562e+02, 2.911460266113281e+02, 2.9116357421875e+02, 2.911691589355469e+02, 2.911553039550781e+02, 2.911456909179688e+02, 2.91132080078125e+02, 2.911261901855469e+02, 2.911492309570312e+02, 2.911612243652344e+02, 2.916399841308594e+02, 2.915357360839844e+02, 2.914430847167969e+02, 2.913571166992188e+02, 2.912705993652344e+02, 2.911766662597656e+02, 2.910802917480469e+02, 2.909977416992188e+02, 2.909920959472656e+02, 2.909854736328125e+02, 2.908984375e+02]
vav.VAVBox[1].TSup=[2.931499938964844e+02, 2.931470031738281e+02, 2.931348571777344e+02, 2.93109130859375e+02, 2.93068115234375e+02, 2.930117797851562e+02, 2.929417724609375e+02, 2.928582458496094e+02, 2.927593383789062e+02, 2.926460571289062e+02, 2.925176391601562e+02, 2.923770446777344e+02, 3.063746643066406e+02, 2.92887451171875e+02, 2.943994140625e+02, 2.933355407714844e+02, 2.950237731933594e+02, 2.947334899902344e+02, 2.928108215332031e+02, 2.911487731933594e+02, 2.911661376953125e+02, 2.911570129394531e+02, 2.911540222167969e+02, 2.911546936035156e+02, 2.912065734863281e+02, 2.912017517089844e+02, 2.911764221191406e+02, 2.911693420410156e+02, 2.911774597167969e+02, 2.911702270507812e+02, 2.911542358398438e+02, 2.911965942382812e+02, 2.911670227050781e+02, 2.911554870605469e+02, 2.9115185546875e+02, 2.91151123046875e+02, 2.911439208984375e+02, 2.911338500976562e+02, 2.911331481933594e+02, 2.910742797851562e+02, 2.910501403808594e+02, 2.91038818359375e+02, 2.910215759277344e+02, 2.9100634765625e+02, 2.910079956054688e+02, 2.910005493164062e+02, 2.909627380371094e+02, 2.909140014648438e+02, 2.908540344238281e+02, 2.907844543457031e+02, 2.907066955566406e+02, 2.90620849609375e+02, 2.905292663574219e+02, 2.904300231933594e+02, 2.903194580078125e+02, 2.902039489746094e+02, 2.900803833007812e+02, 2.899525146484375e+02, 2.8982861328125e+02, 2.897013549804688e+02, 2.895605773925781e+02, 2.89404052734375e+02, 3.055993957519531e+02, 2.907081604003906e+02, 2.924532775878906e+02, 2.905252380371094e+02, 2.920011901855469e+02, 2.919963989257812e+02, 2.90971923828125e+02, 2.910736999511719e+02, 2.911293640136719e+02, 2.911517639160156e+02, 2.911691284179688e+02, 2.911585693359375e+02, 2.911514587402344e+02, 2.911511535644531e+02, 2.912056884765625e+02, 2.911785583496094e+02, 2.911419067382812e+02, 2.911260070800781e+02, 2.911367797851562e+02, 2.911460571289062e+02, 2.9116357421875e+02, 2.911691589355469e+02, 2.911553039550781e+02, 2.911456909179688e+02, 2.911320495605469e+02, 2.911261901855469e+02, 2.911492309570312e+02, 2.911611328125e+02, 2.910801086425781e+02, 2.910717468261719e+02, 2.910582885742188e+02, 2.910381469726562e+02, 2.910088500976562e+02, 2.909664306640625e+02, 2.909122009277344e+02, 2.908584289550781e+02, 2.908580322265625e+02, 2.908567810058594e+02, 2.90791259765625e+02]
vav.VAVBox[2].vav.m_flow=[5.172932937037855e-13, 1.333974505541846e-04, 1.337720168521628e-04, 1.318736467510462e-04, 1.285410398850217e-04, 1.247840555151924e-04, 1.206208107760176e-04, 1.207836685352959e-04, 1.222125138156116e-04, 1.227292668772861e-04, 1.254624949069694e-04, 1.224307779921219e-04, 3.187670707702637e-01, 2.018500119447708e-01, 2.083944529294968e-01, 2.165719717741013e-01, 2.407983243465424e-01, 2.520485818386078e-01, 2.36871674656868e-01, 2.090625166893005e-01, 2.089260220527649e-01, 2.086739242076874e-01, 2.08656370639801e-01, 2.086818665266037e-01, 2.086597084999084e-01, 2.086397558450699e-01, 2.086351811885834e-01, 2.086437791585922e-01, 2.08682045340538e-01, 2.087146937847137e-01, 2.087156772613525e-01, 2.087199091911316e-01, 2.087148725986481e-01, 2.087098062038422e-01, 2.087091356515884e-01, 2.087065130472183e-01, 2.087060958147049e-01, 2.087060809135437e-01, 2.087064385414124e-01, 2.0870241522789e-01, 1.265089813387021e-04, 1.303210010519251e-04, 1.206880187964998e-04, 2.995109207404312e-05, 1.350890784124203e-06, 1.193263742607087e-04, 1.258868724107742e-04, 1.298894785577431e-04, 1.324989571003243e-04, 1.303083699895069e-04, 1.288486528210342e-04, 1.290535874431953e-04, 1.234497322002426e-04, 1.314209803240374e-04, 1.293014938710257e-04, 1.289558131247759e-04, 1.321966410614551e-04, 1.235808013007046e-04, 1.20228600280825e-04, 1.20648488518782e-04, 1.465386594645679e-04, 1.335074048256502e-04, 3.391741216182709e-02, 2.042190879583359e-01, 2.085183262825012e-01, 2.097412347793579e-01, 2.087116688489914e-01, 2.085214555263519e-01, 2.087530791759491e-01, 2.087944597005844e-01, 2.086925506591797e-01, 2.086892277002335e-01, 2.086904048919678e-01, 2.086926102638245e-01, 2.086992561817169e-01, 2.087087333202362e-01, 2.087180763483047e-01, 2.087093740701675e-01, 2.087086290121078e-01, 2.087065428495407e-01, 2.087051570415497e-01, 2.087096869945526e-01, 2.087135463953018e-01, 2.087159752845764e-01, 2.087177485227585e-01, 2.087006568908691e-01, 2.08704799413681e-01, 2.086821794509888e-01, 2.086999863386154e-01, 2.086883932352066e-01, 1.243166625499725e-04, 1.232235663337633e-04, 1.233036309713498e-04, 1.251201902050525e-04, 1.367735239909962e-04, 1.49724874063395e-04, 1.401634362991899e-04, 5.786943802377209e-05, -5.172932937037855e-13, 1.150337266153656e-04, 1.213932846440002e-04]
vav.VAVBox[3].vav.m_flow=[4.912342234375533e-13, 1.266774488613009e-04, 1.270331413252279e-04, 1.252303918590769e-04, 1.220656704390422e-04, 1.184979628305882e-04, 1.14544433017727e-04, 1.146990980487317e-04, 1.160559550044127e-04, 1.165466819657013e-04, 1.191422197734937e-04, 1.162632324849255e-04, 2.707884274423122e-02, 1.658044755458832e-01, 1.720192432403564e-01, 1.733422875404358e-01, 1.717841923236847e-01, 1.767236888408661e-01, 1.724237352609634e-01, 1.726536452770233e-01, 1.725240349769592e-01, 1.722846329212189e-01, 1.72267958521843e-01, 1.72292172908783e-01, 1.722711324691772e-01, 1.722521930932999e-01, 1.722478419542313e-01, 1.722560077905655e-01, 1.722923368215561e-01, 1.723233461380005e-01, 1.723242849111557e-01, 1.72328308224678e-01, 1.723235100507736e-01, 1.723187118768692e-01, 1.723180562257767e-01, 1.723155677318573e-01, 1.723151803016663e-01, 1.723151654005051e-01, 1.723155081272125e-01, 1.723116934299469e-01, 1.201359918923117e-04, 1.237559772562236e-04, 1.146082649938762e-04, 2.844228038156871e-05, 1.28283852518507e-06, 1.13315210910514e-04, 1.195452205138281e-04, 1.233461953233927e-04, 1.258242118638009e-04, 1.237439719261602e-04, 1.223578001372516e-04, 1.225524028996006e-04, 1.172308475361206e-04, 1.248005428351462e-04, 1.227878237841651e-04, 1.224595616804436e-04, 1.255371171282605e-04, 1.173553246189841e-04, 1.141719840234146e-04, 1.14570721052587e-04, 1.391566620441154e-04, 1.267818734049797e-04, 3.220879659056664e-02, 1.680542081594467e-01, 1.721368730068207e-01, 1.73298180103302e-01, 1.723204702138901e-01, 1.721398383378983e-01, 1.723598092794418e-01, 1.723990887403488e-01, 1.72302320599556e-01, 1.722991615533829e-01, 1.723002791404724e-01, 1.723023802042007e-01, 1.723086833953857e-01, 1.723176836967468e-01, 1.723265647888184e-01, 1.723182946443558e-01, 1.723175793886185e-01, 1.723156124353409e-01, 1.723143011331558e-01, 1.723185926675797e-01, 1.723222583532333e-01, 1.723245531320572e-01, 1.723262518644333e-01, 1.72310009598732e-01, 1.723139584064484e-01, 1.722924709320068e-01, 1.723093837499619e-01, 1.722983717918396e-01, 1.180541148642078e-04, 1.170160758192651e-04, 1.170921168522909e-04, 1.188171518151648e-04, 1.298834395129234e-04, 1.421823544660583e-04, 1.331025996478274e-04, 5.495421646628529e-05, -4.912342234375533e-13, 1.092388047254644e-04, 1.15277995064389e-04]
vav.VAVBox[4].vav.m_flow=[5.172932937037855e-13, 1.333974505541846e-04, 1.337720168521628e-04, 1.318736467510462e-04, 1.285410398850217e-04, 1.247840555151924e-04, 1.206208107760176e-04, 1.207836685352959e-04, 1.222125138156116e-04, 1.227292668772861e-04, 1.254624949069694e-04, 1.224307779921219e-04, 8.91597792506218e-02, 2.018500119447708e-01, 2.083944529294968e-01, 2.097876816987991e-01, 2.291266620159149e-01, 2.464734166860581e-01, 2.468429803848267e-01, 2.329609394073486e-01, 2.158434092998505e-01, 2.086739242076874e-01, 2.08656370639801e-01, 2.086818665266037e-01, 2.086597084999084e-01, 2.086397558450699e-01, 2.086351811885834e-01, 2.086437791585922e-01, 2.08682045340538e-01, 2.087146937847137e-01, 2.087156772613525e-01, 2.087199091911316e-01, 2.087148725986481e-01, 2.087098062038422e-01, 2.087091356515884e-01, 2.087065130472183e-01, 2.087060958147049e-01, 2.087060809135437e-01, 2.087064385414124e-01, 2.0870241522789e-01, 1.265089813387021e-04, 1.303210010519251e-04, 1.206880187964998e-04, 2.995109207404312e-05, 1.350890784124203e-06, 1.193263742607087e-04, 1.258868724107742e-04, 1.298894785577431e-04, 1.324989571003243e-04, 1.303083699895069e-04, 1.288486528210342e-04, 1.290535874431953e-04, 1.234497322002426e-04, 1.314209803240374e-04, 1.293014938710257e-04, 1.289558131247759e-04, 1.321966410614551e-04, 1.235808013007046e-04, 1.20228600280825e-04, 1.20648488518782e-04, 1.465386594645679e-04, 1.335074048256502e-04, 3.391741216182709e-02, 2.042190879583359e-01, 2.085183262825012e-01, 2.097412347793579e-01, 2.102324366569519e-01, 2.263886481523514e-01, 2.244787514209746e-01, 2.087944597005844e-01, 2.086925506591797e-01, 2.086892277002335e-01, 2.086904048919678e-01, 2.086926102638245e-01, 2.086992561817169e-01, 2.087087333202362e-01, 2.087180763483047e-01, 2.087093740701675e-01, 2.087086290121078e-01, 2.087065428495407e-01, 2.087051570415497e-01, 2.087096869945526e-01, 2.087135463953018e-01, 2.087159752845764e-01, 2.087177485227585e-01, 2.087006568908691e-01, 2.08704799413681e-01, 2.086821794509888e-01, 2.086999863386154e-01, 2.086883932352066e-01, 1.243166625499725e-04, 1.232235663337633e-04, 1.233036309713498e-04, 1.251201902050525e-04, 1.367735239909962e-04, 1.49724874063395e-04, 1.401634362991899e-04, 5.786943802377209e-05, -5.172932937037855e-13, 1.150337266153656e-04, 1.213932846440002e-04]
vav.VAVBox[5].vav.m_flow=[3.820710566503072e-13, 9.852689981926233e-05, 9.880355355562642e-05, 9.740141831571236e-05, 9.493996913079172e-05, 9.216507896780968e-05, 8.909011376090348e-05, 8.921040716813877e-05, 9.026574116433039e-05, 9.064742334885523e-05, 9.266616689274088e-05, 9.042696183314547e-05, 2.106132172048092e-02, 1.289590448141098e-01, 1.337927430868149e-01, 1.348217725753784e-01, 1.505463123321533e-01, 1.652551144361496e-01, 1.653071492910385e-01, 1.537687927484512e-01, 1.397057920694351e-01, 1.339991539716721e-01, 1.339861899614334e-01, 1.340050250291824e-01, 1.339886635541916e-01, 1.339739263057709e-01, 1.339705437421799e-01, 1.339768916368484e-01, 1.340051591396332e-01, 1.340292692184448e-01, 1.340299993753433e-01, 1.34033128619194e-01, 1.340294033288956e-01, 1.340256631374359e-01, 1.340251564979553e-01, 1.340232193470001e-01, 1.340229213237762e-01, 1.340229064226151e-01, 1.340231746435165e-01, 1.34020209312439e-01, 9.343909914605319e-05, 9.62546473601833e-05, 8.913975761970505e-05, 2.21217742364388e-05, 9.977633226299076e-07, 8.813405293039978e-05, 9.29796151467599e-05, 9.593592403689399e-05, 9.786327427718788e-05, 9.62453123065643e-05, 9.516717545920983e-05, 9.531853720545769e-05, 9.117955050896853e-05, 9.706709533929825e-05, 9.550164395477623e-05, 9.524633060209454e-05, 9.763998241396624e-05, 9.127636440098292e-05, 8.880042878445238e-05, 8.911056647775695e-05, 1.082329545170069e-04, 9.860812133410946e-05, 2.505128644406796e-02, 1.307088285684586e-01, 1.338842362165451e-01, 1.347874701023102e-01, 1.340270340442657e-01, 1.394040137529373e-01, 1.367581039667129e-01, 1.340881884098053e-01, 1.34012907743454e-01, 1.340104639530182e-01, 1.340113282203674e-01, 1.340129524469376e-01, 1.340178698301315e-01, 1.340248733758926e-01, 1.340317726135254e-01, 1.340253353118896e-01, 1.340247839689255e-01, 1.340232491493225e-01, 1.340222358703613e-01, 1.340255737304688e-01, 1.340284198522568e-01, 1.340302079916e-01, 1.340315192937851e-01, 1.340188980102539e-01, 1.340219676494598e-01, 1.340052634477615e-01, 1.340184062719345e-01, 1.34009838104248e-01, 9.181986388284713e-05, 9.101250179810449e-05, 9.107164805755019e-05, 9.241334191756323e-05, 1.010204578051344e-04, 1.105862756958231e-04, 1.035242385114543e-04, 4.274216917110607e-05, -3.820710566503072e-13, 8.496351802023128e-05, 8.966066525317729e-05]
vav.VAVBox[1].vav.m_flow_turbulent=[1.618800044059753e+00, 1.618800044059753e+00]
vav.conAHU.VEffOutAir_flow=[0e+00, 0e+00, 0e+00, 0e+00, 0e+00, 0e+00, 0e+00, 0e+00, 0e+00, 0e+00, 0e+00, 0e+00, 0e+00, 7.941527962684631e-01, 7.887741923332214e-01, 7.893770337104797e-01, 8.066917061805725e-01, 8.182347416877747e-01, 7.422549724578857e-01, 7.990984320640564e-01, 7.91495680809021e-01, 7.885532379150391e-01, 7.88567066192627e-01, 7.885468602180481e-01, 7.885644435882568e-01, 7.885802388191223e-01, 7.885838747024536e-01, 7.885770201683044e-01, 7.885466814041138e-01, 7.799606919288635e-01, 7.799595594406128e-01, 6.82583212852478e-01, 6.825839877128601e-01, 6.825847625732422e-01, 6.825848817825317e-01, 6.825852394104004e-01, 6.825852990150452e-01, 6.825852990150452e-01, 6.825852990150452e-01, 7.885304689407349e-01, 0e+00, 0e+00, 0e+00, 0e+00, 0e+00, 0e+00, 0e+00, 0e+00, 0e+00, 0e+00, 0e+00, 0e+00, 0e+00, 0e+00, 0e+00, 0e+00, 0e+00, 0e+00, 0e+00, 0e+00, 0e+00, 0e+00, 0e+00, 7.921604514122009e-01, 7.886760830879211e-01, 7.877145409584045e-01, 7.88909375667572e-01, 7.9459148645401e-01, 7.931467890739441e-01, 7.884578704833984e-01, 7.885383367538452e-01, 7.885409593582153e-01, 7.885400652885437e-01, 7.885382771492004e-01, 7.885330319404602e-01, 7.885255217552185e-01, 6.825835108757019e-01, 6.82584822177887e-01, 6.825849413871765e-01, 6.825852394104004e-01, 6.825854778289795e-01, 6.825847625732422e-01, 6.825841665267944e-01, 6.825838088989258e-01, 6.825835108757019e-01, 6.82586133480072e-01, 6.825855374336243e-01, 6.825889945030212e-01, 6.825862526893616e-01, 7.885416150093079e-01, 0e+00, 0e+00, 0e+00, 0e+00, 0e+00, 0e+00, 0e+00, 0e+00, 0e+00, 0e+00, 0e+00]
vav.conAHU.VOut_flow=[0e+00, 4.942880740127498e-12, 4.956759828977919e-12, 4.886418526750536e-12, 4.762932236113127e-12, 4.623722411889464e-12, 4.469457789979536e-12, 4.475492025590722e-12, 4.528436219758403e-12, 4.547583663805366e-12, 4.648860289779844e-12, 4.536524367965145e-12, 3.038383988851479e-09, 6.157646179199219e-01, 6.41103982925415e-01, 2.280181795358658e-01, 3.477164506912231e-01, 6.007670760154729e-01, 7.278719544410706e-01, 7.354469299316406e-01, 7.491754293441772e-01, 7.686025500297546e-01, 7.908742427825928e-01, 8.138752579689026e-01, 8.119943737983704e-01, 7.942806482315063e-01, 7.90002167224884e-01, 7.889741063117981e-01, 7.887529730796814e-01, 7.831165194511414e-01, 7.807549834251404e-01, 7.072552442550659e-01, 6.896364688873291e-01, 6.84659481048584e-01, 6.832136511802673e-01, 6.827757358551025e-01, 6.826416254043579e-01, 6.826015710830688e-01, 6.825911402702332e-01, 7.252602577209473e-01, 4.687635262595746e-12, 4.828887290031503e-12, 4.471949720252777e-12, 1.109311752699182e-12, 5.005319956793465e-14, 4.421492685868778e-12, 4.664584690727835e-12, 4.812896609029949e-12, 4.909587927176551e-12, 4.828418914692989e-12, 4.774330670392901e-12, 4.781923988728121e-12, 4.574279757058042e-12, 4.869644618099578e-12, 4.791110650576025e-12, 4.778301018748544e-12, 4.898385516649563e-12, 4.579138283833387e-12, 4.454924276697803e-12, 4.47048257787297e-12, 5.429810247259415e-12, 4.946957340296043e-12, 1.307285169005468e-09, 9.239829182624817e-01, 9.586095809936523e-01, 3.009834289550781e-01, 2.000963687896729e-01, 4.120467305183411e-01, 6.216641068458572e-01, 7.369997501373285e-01, 7.751665711402892e-01, 7.851610779762268e-01, 7.876831889152527e-01, 7.883236408233643e-01, 7.884973287582397e-01, 7.885366678237915e-01, 7.353691458702087e-01, 6.971362233161926e-01, 6.867716908454895e-01, 6.838167309761047e-01, 6.829565763473511e-01, 6.827084422111511e-01, 6.826316118240356e-01, 6.826027631759644e-01, 6.825918555259705e-01, 6.826505661010742e-01, 6.825826168060303e-01, 6.826039552688599e-01, 6.826136112213135e-01, 6.922640204429626e-01, 4.60640336638618e-12, 4.565899307945598e-12, 4.568866552451256e-12, 4.636175558042632e-12, 5.067975119427137e-12, 5.54787379231092e-12, 5.193591650493046e-12, 4.049261360244971e-12, 1.441809735009739e-20, 4.208440020081472e-12, 4.498080293652285e-12]
vav.conAHU.yOutDamPos=[0e+00, 0e+00, 0e+00, 0e+00, 0e+00, 0e+00, 0e+00, 0e+00, 0e+00, 0e+00, 0e+00, 0e+00, 0e+00, 5.435939431190491e-01, 5.436753034591675e-01, 7.802426218986511e-01, 8.804161548614502e-01, 1e+00, 9.965113401412964e-01, 9.593667387962341e-01, 9.105162024497986e-01, 8.921685218811035e-01, 9.001374840736389e-01, 9.446051120758057e-01, 1e+00, 1e+00, 1e+00, 1e+00, 1e+00, 1e+00, 1e+00, 1e+00, 1e+00, 1e+00, 1e+00, 1e+00, 1e+00, 1e+00, 1e+00, 1e+00, 0e+00, 0e+00, 0e+00, 0e+00, 0e+00, 0e+00, 0e+00, 0e+00, 0e+00, 0e+00, 0e+00, 0e+00, 0e+00, 0e+00, 0e+00, 0e+00, 0e+00, 0e+00, 0e+00, 0e+00, 0e+00, 0e+00, 0e+00, 6.041135191917419e-01, 6.071024537086487e-01, 8.497259020805359e-01, 7.571923732757568e-01, 9.649434685707092e-01, 1e+00, 1e+00, 1e+00, 1e+00, 1e+00, 1e+00, 1e+00, 1e+00, 1e+00, 1e+00, 1e+00, 1e+00, 1e+00, 1e+00, 1e+00, 1e+00, 1e+00, 1e+00, 1e+00, 1e+00, 1e+00, 1e+00, 0e+00, 0e+00, 0e+00, 0e+00, 0e+00, 0e+00, 0e+00, 0e+00, 0e+00, 0e+00, 0e+00]
vav.conAHU.eco.mod.uOutDamPosMin=[0e+00, 0e+00, 0e+00, 0e+00, 0e+00, 0e+00, 0e+00, 0e+00, 0e+00, 0e+00, 0e+00, 0e+00, 0e+00, 9.528984874486923e-02, 2.170354127883914e-01, 4.359572231769562e-01, 8.804161548614502e-01, 1e+00, 1e+00, 1e+00, 1e+00, 1e+00, 1e+00, 1e+00, 1e+00, 1e+00, 1e+00, 1e+00, 1e+00, 1e+00, 1e+00, 1e+00, 1e+00, 1e+00, 1e+00, 1e+00, 1e+00, 1e+00, 1e+00, 1e+00, 0e+00, 0e+00, 0e+00, 0e+00, 0e+00, 0e+00, 0e+00, 0e+00, 0e+00, 0e+00, 0e+00, 0e+00, 0e+00, 0e+00, 0e+00, 0e+00, 0e+00, 0e+00, 0e+00, 0e+00, 0e+00, 0e+00, 0e+00, 0e+00, 0e+00, 1.267381012439728e-01, 5.742267966270447e-01, 9.649434685707092e-01, 1e+00, 1e+00, 1e+00, 1e+00, 1e+00, 1e+00, 1e+00, 1e+00, 1e+00, 1e+00, 1e+00, 1e+00, 1e+00, 1e+00, 1e+00, 1e+00, 1e+00, 1e+00, 1e+00, 1e+00, 1e+00, 1e+00, 0e+00, 0e+00, 0e+00, 0e+00, 0e+00, 0e+00, 0e+00, 0e+00, 0e+00, 0e+00, 0e+00]
vav.conAHU.eco.mod.uOutDamPosMax=[0e+00, 0e+00, 0e+00, 0e+00, 0e+00, 0e+00, 0e+00, 0e+00, 0e+00, 0e+00, 0e+00, 0e+00, 0e+00, 1e+00, 1e+00, 1e+00, 1e+00, 1e+00, 1e+00, 1e+00, 1e+00, 1e+00, 1e+00, 1e+00, 1e+00, 1e+00, 1e+00, 1e+00, 1e+00, 1e+00, 1e+00, 1e+00, 1e+00, 1e+00, 1e+00, 1e+00, 1e+00, 1e+00, 1e+00, 1e+00, 0e+00, 0e+00, 0e+00, 0e+00, 0e+00, 0e+00, 0e+00, 0e+00, 0e+00, 0e+00, 0e+00, 0e+00, 0e+00, 0e+00, 0e+00, 0e+00, 0e+00, 0e+00, 0e+00, 0e+00, 0e+00, 0e+00, 0e+00, 1e+00, 1e+00, 1e+00, 1e+00, 1e+00, 1e+00, 1e+00, 1e+00, 1e+00, 1e+00, 1e+00, 1e+00, 1e+00, 1e+00, 1e+00, 1e+00, 1e+00, 1e+00, 1e+00, 1e+00, 1e+00, 1e+00, 1e+00, 1e+00, 1e+00, 1e+00, 1e+00, 0e+00, 0e+00, 0e+00, 0e+00, 0e+00, 0e+00, 0e+00, 0e+00, 0e+00, 0e+00, 0e+00]
vav.conAHU.yRetDamPos=[1e+00, 1e+00, 1e+00, 1e+00, 1e+00, 1e+00, 1e+00, 1e+00, 1e+00, 1e+00, 1e+00, 1e+00, 1e+00, 4.564060568809509e-01, 4.563247263431549e-01, 1e+00, 1e+00, 8.744004964828488e-01, 7.873553037643433e-01, 7.519600987434387e-01, 7.114316821098328e-01, 6.88556432723999e-01, 6.827927231788635e-01, 6.949025392532349e-01, 7.196726202964783e-01, 7.284058332443237e-01, 7.305354475975037e-01, 7.310702204704285e-01, 7.312629818916321e-01, 7.341889142990112e-01, 7.353783249855042e-01, 7.743427157402039e-01, 7.842333912849426e-01, 7.870606780052185e-01, 7.878912091255188e-01, 7.881372570991516e-01, 7.882125377655029e-01, 7.882355451583862e-01, 7.882423996925354e-01, 7.642939686775208e-01, 1e+00, 1e+00, 1e+00, 1e+00, 1e+00, 1e+00, 1e+00, 1e+00, 1e+00, 1e+00, 1e+00, 1e+00, 1e+00, 1e+00, 1e+00, 1e+00, 1e+00, 1e+00, 1e+00, 1e+00, 1e+00, 1e+00, 1e+00, 3.958865106105804e-01, 3.928975462913513e-01, 1e+00, 1e+00, 1e+00, 8.307566046714773e-01, 7.582129240036014e-01, 7.381516695022584e-01, 7.330815196037292e-01, 7.318167686462402e-01, 7.315013408660889e-01, 7.314286828041077e-01, 7.314295768737793e-01, 7.590664625167847e-01, 7.799580693244934e-01, 7.858481407165527e-01, 7.875393033027649e-01, 7.880306243896484e-01, 7.881824970245361e-01, 7.88235604763031e-01, 7.882576584815979e-01, 7.882683277130127e-01, 7.881949543952942e-01, 7.882437109947205e-01, 7.881793975830078e-01, 7.882146239280701e-01, 7.824899554252625e-01, 1e+00, 1e+00, 1e+00, 1e+00, 1e+00, 1e+00, 1e+00, 1e+00, 1e+00, 1e+00, 1e+00]
