last-generated=2021-09-27
statistics-initialization=
{
  "linear": "3",
  "nonlinear": "1, 1, 6",
  "numerical Jacobians": "0"
}
statistics-simulation=
{
  "linear": "0, 2, 0, 0",
  "nonlinear": "1, 6",
  "number of continuous time states": "17",
  "numerical Jacobians": "0"
}
time=[0e+00, 6.048e+05]
bui.maxTSet.y=[2.971499938964844e+02, 2.971499938964844e+02]
bui.minTSet.y=[2.931499938964844e+02, 2.931499938964844e+02]
bui.thermalZoneOneElement.TAir=[2.951499938964844e+02, 2.931500244140625e+02, 2.931499328613281e+02, 2.931499633789062e+02, 2.931502075195312e+02, 2.971508483886719e+02, 2.971495971679688e+02, 2.971498413085938e+02, 2.971499938964844e+02, 2.971499328613281e+02, 2.96045654296875e+02, 2.931499633789062e+02, 2.931499328613281e+02, 2.931499938964844e+02, 2.931499328613281e+02, 2.931498718261719e+02, 2.931499633789062e+02, 2.931500244140625e+02, 2.931500244140625e+02, 2.971479187011719e+02, 2.971497497558594e+02, 2.971496887207031e+02, 2.971502075195312e+02, 2.9714990234375e+02, 2.971499633789062e+02, 2.931499938964844e+02, 2.931499633789062e+02, 2.931499328613281e+02, 2.931499633789062e+02, 2.931499938964844e+02, 2.931500854492188e+02, 2.931499633789062e+02, 2.931499633789062e+02, 2.9542431640625e+02, 2.971502075195312e+02, 2.97149658203125e+02, 2.971500244140625e+02, 2.971499633789062e+02, 2.97149658203125e+02, 2.933812866210938e+02, 2.931497192382812e+02, 2.931499328613281e+02, 2.931499633789062e+02, 2.931499633789062e+02, 2.931499328613281e+02, 2.931498413085938e+02, 2.931500549316406e+02, 2.931503601074219e+02, 2.971500549316406e+02, 2.971501159667969e+02, 2.9714990234375e+02, 2.971499633789062e+02, 2.971498718261719e+02, 2.961890869140625e+02, 2.931499328613281e+02, 2.931499633789062e+02, 2.931499328613281e+02, 2.931500244140625e+02, 2.931499938964844e+02, 2.9314990234375e+02, 2.931499938964844e+02, 2.931500854492188e+02, 2.971507568359375e+02, 2.97150390625e+02, 2.971496887207031e+02, 2.971500244140625e+02, 2.971498413085938e+02, 2.968434143066406e+02, 2.931499328613281e+02, 2.931499633789062e+02, 2.931500244140625e+02, 2.931499633789062e+02, 2.931499633789062e+02, 2.931499938964844e+02, 2.931499633789062e+02, 2.931499633789062e+02, 2.950806884765625e+02, 2.971497802734375e+02, 2.971498107910156e+02, 2.971499938964844e+02, 2.971499328613281e+02, 2.971499633789062e+02, 2.931500244140625e+02, 2.931499328613281e+02, 2.931499633789062e+02, 2.931501770019531e+02, 2.931500244140625e+02, 2.931498413085938e+02, 2.931499938964844e+02, 2.931500854492188e+02, 2.936056518554688e+02, 2.964042358398438e+02, 2.9714990234375e+02, 2.97146484375e+02, 2.9714990234375e+02, 2.971497497558594e+02, 2.931514587402344e+02, 2.931499633789062e+02, 2.931499633789062e+02, 2.931500244140625e+02, 2.931499633789062e+02]
bui.terUni.QActHea_flow=[-0e+00, 3.571173706054688e+02, 3.681908874511719e+02, 3.890076293945312e+02, 3.756117248535156e+02, 0e+00, 0e+00, 0e+00, 0e+00, 0e+00, 0e+00, 1.998637084960938e+02, 2.140684356689453e+02, 2.359480133056641e+02, 2.724253540039063e+02, 2.628507690429688e+02, 3.0268505859375e+02, 3.208439636230468e+02, 3.012607116699219e+02, 0e+00, 0e+00, 0e+00, 0e+00, 0e+00, 0e+00, 1.328344116210938e+02, 1.355624084472656e+02, 1.793811798095703e+02, 1.933303375244142e+02, 2.067035064697266e+02, 1.98186279296875e+02, 1.638008117675781e+02, 1.904765625e+02, 0e+00, 0e+00, 0e+00, 0e+00, 0e+00, 0e+00, 0e+00, 8.972613525390625e+01, 1.295445404052733e+02, 1.574053955078125e+02, 1.741832275390625e+02, 2.020911865234375e+02, 2.243425903320312e+02, 2.699901428222656e+02, 2.530189971923828e+02, 0e+00, 0e+00, 0e+00, 0e+00, 0e+00, 0e+00, 1.540362701416016e+02, 1.715845336914062e+02, 1.817837677001958e+02, 2.039645690917971e+02, 2.223232116699219e+02, 2.721425170898438e+02, 2.894657287597656e+02, 2.940061950683594e+02, 0e+00, 0e+00, 0e+00, 0e+00, 0e+00, 0e+00, 1.600036468505863e+02, 1.847000732421873e+02, 2.016178131103516e+02, 2.197738952636719e+02, 2.354158477783203e+02, 2.529987945556641e+02, 2.623184204101562e+02, 2.810772399902344e+02, 0e+00, 0e+00, 0e+00, 0e+00, 0e+00, 0e+00, 1.542293701171878e+02, 1.829457550048828e+02, 2.114775543212891e+02, 1.671379547119141e+02, 2.016643371582031e+02, 2.095246276855469e+02, 2.545684204101562e+02, 2.463218078613281e+02, 0e+00, 0e+00, 0e+00, 0e+00, 0e+00, 0e+00, 1.758080902099609e+02, 2.143134155273438e+02, 2.376266784667969e+02, 2.443896484375e+02, 2.568770141601562e+02]
bui.terUni.QActCoo_flow=[-0e+00, -0e+00, -0e+00, -0e+00, -0e+00, -6.5168603515625e+02, -7.815716552734375e+02, -2.79031799316406e+02, -2.508753662109375e+02, -2.120256042480469e+02, -0e+00, -0e+00, -0e+00, -0e+00, 0e+00, -0e+00, -0e+00, 0e+00, -0e+00, -2.384724884033203e+02, -9.782772827148438e+02, -5.3135009765625e+02, -3.751592712402344e+02, -3.028731079101562e+02, -2.398224830627441e+01, -0e+00, -0e+00, -0e+00, 0e+00, -0e+00, -0e+00, -0e+00, -0e+00, -0e+00, -8.456077880859385e+02, -6.45950439453125e+02, -4.422232971191406e+02, -4.348840637207031e+02, -2.270877685546875e+02, -0e+00, -0e+00, 0e+00, -0e+00, -0e+00, -0e+00, -0e+00, -0e+00, -0e+00, -4.130279541015625e+02, -3.711852111816406e+02, -4.067308044433594e+02, -3.799377136230469e+02, -2.381588745117188e+02, -0e+00, -0e+00, -0e+00, 0e+00, 0e+00, -0e+00, -0e+00, -0e+00, -0e+00, -3.192434692382812e+02, -5.758882446289062e+02, -4.103296203613281e+02, -2.74551025390625e+02, -2.672802124023438e+02, -0e+00, 0e+00, 0e+00, -0e+00, -0e+00, -0e+00, -0e+00, -0e+00, -0e+00, -0e+00, -8.460043334960938e+02, -3.680199279785156e+02, -3.218699951171875e+02, -2.65275634765625e+02, -4.43634223937967e+01, 0e+00, -0e+00, -0e+00, -0e+00, -0e+00, -0e+00, -0e+00, -0e+00, -0e+00, -0e+00, -3.002643737792969e+02, -1.995819854736328e+02, -3.001456298828125e+02, -2.076476287841797e+02, -0e+00, -0e+00, -0e+00, -0e+00, -0e+00]
supHeaWat.T_in=[3.131499938964844e+02, 3.131499938964844e+02]
bui.disFloHea.senTSup.T=[2.931499938964844e+02, 3.081499938964844e+02, 3.081500244140625e+02, 3.081500244140625e+02, 3.081499633789062e+02, 3.081469116210938e+02, 3.081469116210938e+02, 3.081469116210938e+02, 3.081469116210938e+02, 3.081469116210938e+02, 3.081469116210938e+02, 3.081500244140625e+02, 3.081500244140625e+02, 3.081499938964844e+02, 3.081500244140625e+02, 3.081500244140625e+02, 3.081500244140625e+02, 3.081499938964844e+02, 3.081499938964844e+02, 3.081498718261719e+02, 3.081498718261719e+02, 3.081498718261719e+02, 3.081498718261719e+02, 3.081498718261719e+02, 3.081498718261719e+02, 3.081500854492188e+02, 3.081500244140625e+02, 3.081500549316406e+02, 3.081499938964844e+02, 3.081499938964844e+02, 3.081499633789062e+02, 3.081499938964844e+02, 3.081500244140625e+02, 3.081498718261719e+02, 3.081498718261719e+02, 3.081498718261719e+02, 3.081498718261719e+02, 3.081498718261719e+02, 3.081498718261719e+02, 3.081498718261719e+02, 3.080849304199219e+02, 3.081500549316406e+02, 3.081500244140625e+02, 3.081500244140625e+02, 3.081500244140625e+02, 3.081500854492188e+02, 3.081499938964844e+02, 3.0814990234375e+02, 3.081498718261719e+02, 3.081498718261719e+02, 3.081498718261719e+02, 3.081498718261719e+02, 3.081498718261719e+02, 3.081498718261719e+02, 3.081500549316406e+02, 3.081500244140625e+02, 3.081500244140625e+02, 3.081499633789062e+02, 3.081499938964844e+02, 3.081500549316406e+02, 3.081499938964844e+02, 3.081499633789062e+02, 3.0814990234375e+02, 3.0814990234375e+02, 3.0814990234375e+02, 3.0814990234375e+02, 3.0814990234375e+02, 3.0814990234375e+02, 3.081500244140625e+02, 3.081500244140625e+02, 3.081499938964844e+02, 3.081500244140625e+02, 3.081500244140625e+02, 3.081499938964844e+02, 3.081500244140625e+02, 3.081500244140625e+02, 3.081498718261719e+02, 3.081498718261719e+02, 3.081498718261719e+02, 3.081498718261719e+02, 3.081498718261719e+02, 3.081498718261719e+02, 3.081498413085938e+02, 3.081500549316406e+02, 3.081500244140625e+02, 3.081498718261719e+02, 3.081499938964844e+02, 3.081500549316406e+02, 3.081499938964844e+02, 3.081499633789062e+02, 3.081499938964844e+02, 3.081499938964844e+02, 3.081499938964844e+02, 3.081499938964844e+02, 3.081499938964844e+02, 3.081499938964844e+02, 3.081497192382812e+02, 3.081500244140625e+02, 3.081500244140625e+02, 3.081499938964844e+02, 3.081500244140625e+02]
bui.terUni.T_aHeaWat_nominal=[3.131499938964844e+02, 3.131499938964844e+02]
bui.disFloHea.mReq_flow[1]=[0e+00, 2.016865275800228e-02, 2.091864868998528e-02, 2.234448865056038e-02, 2.142513170838356e-02, 0e+00, 0e+00, 0e+00, 0e+00, 0e+00, 0e+00, 1.015760097652674e-02, 1.10096987336874e-02, 1.234396547079086e-02, 1.462375465780497e-02, 1.401872839778662e-02, 1.656539924442768e-02, 1.775194145739078e-02, 1.647312566637993e-02, 0e+00, 0e+00, 0e+00, 0e+00, 0e+00, 0e+00, 6.301977206021547e-03, 6.453065201640129e-03, 8.949308656156063e-03, 9.769551455974586e-03, 1.056656613945961e-02, 1.005788799375296e-02, 8.047353476285934e-03, 9.600800462067127e-03, 0e+00, 0e+00, 0e+00, 0e+00, 0e+00, 0e+00, 0e+00, 4.005708266049623e-03, 6.120549049228421e-03, 7.681538816541433e-03, 8.646742440760136e-03, 1.029045414179564e-02, 1.163287274539471e-02, 1.446963753551245e-02, 1.340294908732176e-02, 0e+00, 0e+00, 0e+00, 0e+00, 0e+00, 0e+00, 7.489891722798347e-03, 8.496069349348545e-03, 9.089790284633666e-03, 1.040254533290864e-02, 1.151010766625404e-02, 1.460576243698597e-02, 1.571176759898663e-02, 1.600419729948044e-02, 0e+00, 0e+00, 0e+00, 0e+00, 0e+00, 0e+00, 7.829798385500925e-03, 9.260721504688251e-03, 1.026228908449411e-02, 1.135514583438635e-02, 1.231118198484182e-02, 1.340121030807495e-02, 1.398533396422863e-02, 1.517436746507883e-02, 0e+00, 0e+00, 0e+00, 0e+00, 0e+00, 0e+00, 7.501024287194027e-03, 9.157798252999783e-03, 1.085346192121506e-02, 8.239462971687317e-03, 1.026505790650845e-02, 1.073580328375101e-02, 1.349931675940752e-02, 1.298554427921772e-02, 0e+00, 0e+00, 0e+00, 0e+00, 0e+00, 0e+00, 8.742393925786018e-03, 1.102452073246241e-02, 1.244732830673456e-02, 1.286554150283337e-02, 1.364373415708542e-02]
bui.disFloHea.mAct_flow[1].y=[0e+00, 2.016865275800228e-02, 2.091864868998528e-02, 2.234448865056038e-02, 2.142513170838356e-02, 0e+00, 0e+00, 0e+00, 0e+00, 0e+00, 0e+00, 1.015760097652674e-02, 1.10096987336874e-02, 1.234396547079086e-02, 1.462375465780497e-02, 1.401872839778662e-02, 1.656539924442768e-02, 1.775194145739078e-02, 1.647312566637993e-02, 0e+00, 0e+00, 0e+00, 0e+00, 0e+00, 0e+00, 6.301977206021547e-03, 6.453065201640129e-03, 8.949308656156063e-03, 9.769551455974586e-03, 1.056656613945961e-02, 1.005788799375296e-02, 8.047353476285934e-03, 9.600800462067127e-03, 0e+00, 0e+00, 0e+00, 0e+00, 0e+00, 0e+00, 0e+00, 4.005708266049623e-03, 6.120549049228421e-03, 7.681538816541433e-03, 8.646742440760136e-03, 1.029045414179564e-02, 1.163287274539471e-02, 1.446963753551245e-02, 1.340294908732176e-02, 0e+00, 0e+00, 0e+00, 0e+00, 0e+00, 0e+00, 7.489891722798347e-03, 8.496069349348545e-03, 9.089790284633666e-03, 1.040254533290864e-02, 1.151010766625404e-02, 1.460576243698597e-02, 1.571176759898663e-02, 1.600419729948044e-02, 0e+00, 0e+00, 0e+00, 0e+00, 0e+00, 0e+00, 7.829798385500925e-03, 9.260721504688251e-03, 1.026228908449411e-02, 1.135514583438635e-02, 1.231118198484182e-02, 1.340121030807495e-02, 1.398533396422863e-02, 1.517436746507883e-02, 0e+00, 0e+00, 0e+00, 0e+00, 0e+00, 0e+00, 7.501024287194027e-03, 9.157798252999783e-03, 1.085346192121506e-02, 8.239462971687317e-03, 1.026505790650845e-02, 1.073580328375101e-02, 1.349931675940752e-02, 1.298554427921772e-02, 0e+00, 0e+00, 0e+00, 0e+00, 0e+00, 0e+00, 8.742393925786018e-03, 1.102452073246241e-02, 1.244732830673456e-02, 1.286554150283337e-02, 1.364373415708542e-02]
bui.disFloHea.m_flow_nominal=[4.780114814639091e-02, 4.780114814639091e-02]
supChiWat.T_in=[2.801499938964844e+02, 2.801499938964844e+02]
bui.disFloCoo.senTSup.T=[2.931499938964844e+02, 2.931499938964844e+02, 2.931499938964844e+02, 2.931499938964844e+02, 2.931499938964844e+02, 2.891484680175781e+02, 2.891500854492188e+02, 2.891501159667969e+02, 2.891499938964844e+02, 2.891500549316406e+02, 2.885828552246094e+02, 2.885828552246094e+02, 2.885828552246094e+02, 2.885828552246094e+02, 2.885828552246094e+02, 2.885828552246094e+02, 2.885828552246094e+02, 2.885828552246094e+02, 2.885828552246094e+02, 2.898373107910156e+02, 2.891500244140625e+02, 2.891501159667969e+02, 2.891499938964844e+02, 2.891500854492188e+02, 2.891503295898438e+02, 2.89150390625e+02, 2.89150390625e+02, 2.89150390625e+02, 2.89150390625e+02, 2.89150390625e+02, 2.89150390625e+02, 2.89150390625e+02, 2.89150390625e+02, 2.89150390625e+02, 2.891499328613281e+02, 2.891501159667969e+02, 2.891500244140625e+02, 2.891500244140625e+02, 2.891501770019531e+02, 2.891507873535156e+02, 2.891507873535156e+02, 2.891507873535156e+02, 2.891507873535156e+02, 2.891507873535156e+02, 2.891507873535156e+02, 2.891507873535156e+02, 2.891507873535156e+02, 2.891507873535156e+02, 2.891494750976562e+02, 2.8914990234375e+02, 2.891500549316406e+02, 2.891500244140625e+02, 2.891500854492188e+02, 2.891500244140625e+02, 2.891500244140625e+02, 2.891500244140625e+02, 2.891500244140625e+02, 2.891500244140625e+02, 2.891500244140625e+02, 2.891500244140625e+02, 2.891500244140625e+02, 2.891500244140625e+02, 2.891482849121094e+02, 2.891498107910156e+02, 2.891501159667969e+02, 2.891499938964844e+02, 2.891500549316406e+02, 2.891496276855469e+02, 2.891496276855469e+02, 2.891496276855469e+02, 2.891496276855469e+02, 2.891496276855469e+02, 2.891496276855469e+02, 2.891496276855469e+02, 2.891496276855469e+02, 2.891496276855469e+02, 2.891496276855469e+02, 2.891500244140625e+02, 2.891501159667969e+02, 2.891499938964844e+02, 2.891500549316406e+02, 2.891475524902344e+02, 2.891259460449219e+02, 2.891259460449219e+02, 2.891259460449219e+02, 2.891259460449219e+02, 2.891259460449219e+02, 2.891259460449219e+02, 2.891259460449219e+02, 2.891259460449219e+02, 2.891259460449219e+02, 2.891259460449219e+02, 2.891495056152344e+02, 2.89550537109375e+02, 2.891500549316406e+02, 2.891503601074219e+02, 2.892616271972656e+02, 2.892616271972656e+02, 2.892616271972656e+02, 2.892616271972656e+02, 2.892616271972656e+02]
bui.terUni.T_aChiWat_nominal=[2.801499938964844e+02, 2.801499938964844e+02]
bui.disFloCoo.mReq_flow[1]=[0e+00, 0e+00, 0e+00, 0e+00, 0e+00, 6.068992987275124e-02, 7.446988672018051e-02, 2.330238930881021e-02, 2.064570039510727e-02, 1.690464653074741e-02, 0e+00, 0e+00, 0e+00, 0e+00, 0e+00, 0e+00, 0e+00, 0e+00, 0e+00, 2.15971302241087e-02, 9.567214548587799e-02, 4.82306182384491e-02, 3.254901245236397e-02, 2.556136064231396e-02, 1.998824998736382e-03, 0e+00, 0e+00, 0e+00, 0e+00, 0e+00, 0e+00, 0e+00, 0e+00, 0e+00, 8.13245326280595e-02, 6.01126030087471e-02, 3.919631615281105e-02, 3.846262395381927e-02, 1.837445236742496e-02, 0e+00, 0e+00, 0e+00, 0e+00, 0e+00, 0e+00, 0e+00, 0e+00, 0e+00, 3.628264367580414e-02, 3.215987607836723e-02, 3.566191717982292e-02, 3.301911428570747e-02, 1.943706907331944e-02, 0e+00, 0e+00, 0e+00, 0e+00, 0e+00, 0e+00, 0e+00, 0e+00, 0e+00, 2.711640298366547e-02, 5.280878022313118e-02, 3.602005541324615e-02, 2.287900820374489e-02, 2.219489030539989e-02, 0e+00, 0e+00, 0e+00, 0e+00, 0e+00, 0e+00, 0e+00, 0e+00, 0e+00, 0e+00, 8.137302100658417e-02, 3.185246139764786e-02, 2.737805992364883e-02, 2.200574427843094e-02, 2.258413704112063e-03, 0e+00, 0e+00, 0e+00, 0e+00, 0e+00, 0e+00, 0e+00, 0e+00, 0e+00, 0e+00, 2.531090751290321e-02, 1.672371849417686e-02, 2.530149184167385e-02, 1.647337339818478e-02, 0e+00, 0e+00, 0e+00, 0e+00, 0e+00]
bui.disFloCoo.mAct_flow[1].y=[0e+00, 0e+00, 0e+00, 0e+00, 0e+00, 6.068992987275124e-02, 7.446988672018051e-02, 2.330238930881021e-02, 2.064570039510727e-02, 1.690464653074741e-02, 0e+00, 0e+00, 0e+00, 0e+00, 0e+00, 0e+00, 0e+00, 0e+00, 0e+00, 2.15971302241087e-02, 9.567214548587799e-02, 4.82306182384491e-02, 3.254901245236397e-02, 2.556136064231396e-02, 1.998824998736382e-03, 0e+00, 0e+00, 0e+00, 0e+00, 0e+00, 0e+00, 0e+00, 0e+00, 0e+00, 8.13245326280595e-02, 6.01126030087471e-02, 3.919631615281105e-02, 3.846262395381927e-02, 1.837445236742496e-02, 0e+00, 0e+00, 0e+00, 0e+00, 0e+00, 0e+00, 0e+00, 0e+00, 0e+00, 3.628264367580414e-02, 3.215987607836723e-02, 3.566191717982292e-02, 3.301911428570747e-02, 1.943706907331944e-02, 0e+00, 0e+00, 0e+00, 0e+00, 0e+00, 0e+00, 0e+00, 0e+00, 0e+00, 2.711640298366547e-02, 5.280878022313118e-02, 3.602005541324615e-02, 2.287900820374489e-02, 2.219489030539989e-02, 0e+00, 0e+00, 0e+00, 0e+00, 0e+00, 0e+00, 0e+00, 0e+00, 0e+00, 0e+00, 8.137302100658417e-02, 3.185246139764786e-02, 2.737805992364883e-02, 2.200574427843094e-02, 2.258413704112063e-03, 0e+00, 0e+00, 0e+00, 0e+00, 0e+00, 0e+00, 0e+00, 0e+00, 0e+00, 0e+00, 2.531090751290321e-02, 1.672371849417686e-02, 2.530149184167385e-02, 1.647337339818478e-02, 0e+00, 0e+00, 0e+00, 0e+00, 0e+00]
bui.disFloCoo.m_flow_nominal=[2.390057295560837e-01, 2.390057295560837e-01]
