last-generated=2020-09-04
statistics-initialization=
{
  "linear": "2",
  "nonlinear": "4",
  "numerical Jacobians": "0"
}
statistics-simulation=
{
  "linear": "0, 0",
  "nonlinear": "3, 1",
  "number of continuous time states": "7",
  "numerical Jacobians": "0"
}
time=[0e+00, 1.2096e+06]
conExt[1].opa.T[1]=[2.931499938964844e+02, 2.615616455078125e+02, 2.620180053710938e+02, 2.893526611328125e+02, 2.765648803710938e+02, 2.714525756835938e+02, 2.713888244628906e+02, 2.701152038574219e+02, 2.684232788085938e+02, 2.711305236816406e+02, 2.759773254394531e+02, 2.787922668457031e+02, 2.737393798828125e+02, 2.734846801757812e+02, 2.726457214355469e+02, 2.727827758789062e+02, 2.706956176757812e+02, 2.722974243164062e+02, 2.754523315429688e+02, 2.720787353515625e+02, 2.697516174316406e+02, 2.697836303710938e+02, 2.697641296386719e+02, 2.692807312011719e+02, 2.725780944824219e+02, 2.764494018554688e+02, 2.735368041992188e+02, 2.679447631835938e+02, 2.675280456542968e+02, 2.651746520996094e+02, 2.603398742675781e+02, 2.657011413574219e+02, 2.966754150390625e+02, 2.825992431640625e+02, 2.664808959960938e+02, 2.631712951660156e+02, 2.606576538085938e+02, 2.577439270019531e+02, 2.593153686523438e+02, 2.749080200195312e+02, 2.676764526367188e+02, 2.566464538574219e+02, 2.529362182617188e+02, 2.528686981201172e+02, 2.51359130859375e+02, 2.509198608398438e+02, 2.892400512695312e+02, 2.890177612304688e+02, 2.556835327148438e+02, 2.528314971923828e+02, 2.518583831787109e+02, 2.508182525634766e+02, 2.503232879638672e+02, 2.829991760253906e+02, 2.894895324707031e+02, 2.631436767578125e+02, 2.621134033203125e+02, 2.628470458984375e+02, 2.631274108886719e+02, 2.63217041015625e+02, 2.784880065917969e+02, 2.894786071777344e+02, 2.74335205078125e+02, 2.727023010253906e+02, 2.718859558105469e+02, 2.712315979003906e+02, 2.704673156738281e+02, 2.876377563476562e+02, 3.027203674316406e+02, 2.80595855712891e+02, 2.669580383300781e+02, 2.67887451171875e+02, 2.691680603027344e+02, 2.693001098632812e+02, 2.706158752441406e+02, 2.93827392578125e+02, 2.905889282226562e+02, 2.739745788574219e+02, 2.735487060546875e+02, 2.725968322753906e+02, 2.747031860351562e+02, 2.767994689941407e+02, 2.787057189941406e+02, 2.772285766601562e+02, 2.715200805664062e+02, 2.649892883300781e+02, 2.621333618164062e+02, 2.618404235839844e+02, 2.626817016601562e+02, 2.923768615722656e+02, 2.794054260253906e+02, 2.641733703613281e+02, 2.653427124023438e+02, 2.656718139648438e+02, 2.682782287597656e+02, 2.672158813476562e+02, 2.718369750976562e+02, 2.954775390625e+02, 2.65820068359375e+02, 2.631722106933594e+02, 2.574306335449219e+02]
conExt[1].opa.T[2]=[2.931499938964844e+02, 2.769682006835938e+02, 2.770806274414062e+02, 2.8794580078125e+02, 2.855202941894531e+02, 2.820346984863281e+02, 2.814326782226562e+02, 2.810505981445312e+02, 2.800838012695312e+02, 2.811655883789062e+02, 2.830448303222656e+02, 2.850787963867188e+02, 2.827262268066406e+02, 2.822138671875e+02, 2.823975830078125e+02, 2.81901123046875e+02, 2.811904602050781e+02, 2.812387084960938e+02, 2.830917053222656e+02, 2.819768676757812e+02, 2.803327331542969e+02, 2.803062133789062e+02, 2.802684936523438e+02, 2.800107421875e+02, 2.811891479492188e+02, 2.834146728515625e+02, 2.826787109375e+02, 2.796406860351562e+02, 2.792288513183594e+02, 2.776920776367188e+02, 2.762517395019531e+02, 2.75724609375e+02, 2.922653198242188e+02, 2.891889343261719e+02, 2.789179077148438e+02, 2.771524047851562e+02, 2.758429870605469e+02, 2.742594909667969e+02, 2.74066162109375e+02, 2.847811279296875e+02, 2.7827685546875e+02, 2.740137939453125e+02, 2.716654357910156e+02, 2.71366455078125e+02, 2.705836486816406e+02, 2.696310424804688e+02, 2.872693176269531e+02, 2.904908447265625e+02, 2.748863525390625e+02, 2.714804992675781e+02, 2.707972412109375e+02, 2.700534362792969e+02, 2.697049560546875e+02, 2.837499389648438e+02, 2.898096313476562e+02, 2.791328735351562e+02, 2.75786376953125e+02, 2.763108215332031e+02, 2.762361145019531e+02, 2.764088745117188e+02, 2.821666564941406e+02, 2.897625122070312e+02, 2.841871032714844e+02, 2.811082153320312e+02, 2.812074279785156e+02, 2.807470703125e+02, 2.808249206542969e+02, 2.860702819824219e+02, 2.965409545898438e+02, 2.887189941406252e+02, 2.793075256347656e+02, 2.791334228515625e+02, 2.795780639648438e+02, 2.800224609375e+02, 2.801212768554688e+02, 2.905856628417969e+02, 2.926886901855469e+02, 2.8247119140625e+02, 2.824624328613281e+02, 2.816945190429688e+02, 2.828622436523438e+02, 2.830505981445313e+02, 2.845876770019531e+02, 2.846803588867188e+02, 2.816537475585938e+02, 2.781835632324219e+02, 2.764638366699219e+02, 2.763064575195312e+02, 2.758186340332031e+02, 2.898836364746094e+02, 2.851354370117188e+02, 2.775154418945312e+02, 2.778285522460938e+02, 2.780890808105469e+02, 2.791160888671875e+02, 2.784635314941406e+02, 2.809325866699219e+02, 2.913058166503906e+02, 2.799166259765625e+02, 2.771722412109375e+02, 2.744739074707031e+02]
conExt[1].opa.T[3]=[2.931499938964844e+02, 2.927640686035156e+02, 2.924400939941406e+02, 2.922850036621094e+02, 2.923456115722656e+02, 2.922019348144531e+02, 2.920366516113281e+02, 2.91900146484375e+02, 2.917522583007812e+02, 2.916321105957031e+02, 2.915590209960938e+02, 2.915537719726562e+02, 2.915185546875e+02, 2.914448547363281e+02, 2.913998718261719e+02, 2.91339599609375e+02, 2.912842712402344e+02, 2.912084350585938e+02, 2.911942443847656e+02, 2.911827697753906e+02, 2.911095275878906e+02, 2.910443115234375e+02, 2.909884643554688e+02, 2.909354858398438e+02, 2.908939208984375e+02, 2.909175415039062e+02, 2.909463195800781e+02, 2.909002075195312e+02, 2.908262939453125e+02, 2.907384948730469e+02, 2.906502380371094e+02, 2.904950256347656e+02, 2.906741333007812e+02, 2.909623718261719e+02, 2.908949279785156e+02, 2.907744750976562e+02, 2.906519165039062e+02, 2.905185241699219e+02, 2.903740539550781e+02, 2.904580688476562e+02, 2.90447021484375e+02, 2.903574829101562e+02, 2.901824645996094e+02, 2.900226440429688e+02, 2.898716430664062e+02, 2.897137145996094e+02, 2.898191223144531e+02, 2.901808776855469e+02, 2.902364501953125e+02, 2.900274658203125e+02, 2.898602294921875e+02, 2.897075500488281e+02, 2.895675964355469e+02, 2.896163635253906e+02, 2.89951171875e+02, 2.90121826171875e+02, 2.900153503417969e+02, 2.899679565429688e+02, 2.899346313476562e+02, 2.899123840332031e+02, 2.899416809082031e+02, 2.90188720703125e+02, 2.9039404296875e+02, 2.903912658691406e+02, 2.904215393066406e+02, 2.904380187988281e+02, 2.904595336914062e+02, 2.904908752441406e+02, 2.908409118652344e+02, 2.911049499511719e+02, 2.910043640136719e+02, 2.908904113769531e+02, 2.908245849609375e+02, 2.907927856445312e+02, 2.907544555664062e+02, 2.90853759765625e+02, 2.911438903808594e+02, 2.911445617675781e+02, 2.911058654785156e+02, 2.910710754394531e+02, 2.910596923828125e+02, 2.910491943359375e+02, 2.910858764648438e+02, 2.911330871582031e+02, 2.911116027832031e+02, 2.910142517089844e+02, 2.908813781738281e+02, 2.907547912597656e+02, 2.906266479492188e+02, 2.907267761230469e+02, 2.909360961914062e+02, 2.908350524902344e+02, 2.907210693359375e+02, 2.906520385742188e+02, 2.905941162109375e+02, 2.9055078125e+02, 2.905510559082031e+02, 2.906441345214844e+02, 2.907719116210938e+02, 2.906463928222656e+02, 2.905214233398438e+02]
conExt[1].opa.T[4]=[2.931499938964844e+02, 2.930095520019531e+02, 2.92763916015625e+02, 2.925515747070312e+02, 2.925063781738281e+02, 2.924349975585938e+02, 2.923196411132812e+02, 2.922011413574219e+02, 2.920816955566406e+02, 2.91966796875e+02, 2.918794250488281e+02, 2.918352661132812e+02, 2.918113708496094e+02, 2.917647399902344e+02, 2.917188720703125e+02, 2.91673095703125e+02, 2.916272583007812e+02, 2.915709228515625e+02, 2.915328979492188e+02, 2.915171203613281e+02, 2.914801635742188e+02, 2.914290161132812e+02, 2.913795471191406e+02, 2.913334045410156e+02, 2.912904663085938e+02, 2.912774353027344e+02, 2.912918395996094e+02, 2.912855224609375e+02, 2.912428588867188e+02, 2.911852416992188e+02, 2.911171569824219e+02, 2.910173645019531e+02, 2.910056762695312e+02, 2.911730041503906e+02, 2.912504272460938e+02, 2.912103271484375e+02, 2.91130859375e+02, 2.910333251953125e+02, 2.909205017089844e+02, 2.908747253417969e+02, 2.9089208984375e+02, 2.908596801757812e+02, 2.907611389160156e+02, 2.906358947753906e+02, 2.905100402832031e+02, 2.903815307617188e+02, 2.903244018554688e+02, 2.904893798828125e+02, 2.90646728515625e+02, 2.906044616699219e+02, 2.904932861328125e+02, 2.903705444335938e+02, 2.902494506835938e+02, 2.901808471679688e+02, 2.903140258789062e+02, 2.904985961914062e+02, 2.905296936035156e+02, 2.905057983398438e+02, 2.904788208007812e+02, 2.904554748535156e+02, 2.904464721679688e+02, 2.905438842773438e+02, 2.907142333984375e+02, 2.907951049804688e+02, 2.908345336914062e+02, 2.908600769042969e+02, 2.908793029785156e+02, 2.908937377929688e+02, 2.910376586914062e+02, 2.912688598632812e+02, 2.913449096679688e+02, 2.913030395507812e+02, 2.912469482421875e+02, 2.912054138183594e+02, 2.91171142578125e+02, 2.91176513671875e+02, 2.913220825195312e+02, 2.914301147460938e+02, 2.914385375976562e+02, 2.914248962402344e+02, 2.914076232910156e+02, 2.913978881835938e+02, 2.91406494140625e+02, 2.9143408203125e+02, 2.914463195800781e+02, 2.914097900390625e+02, 2.913282165527344e+02, 2.912280578613281e+02, 2.91124267578125e+02, 2.910856628417969e+02, 2.912043762207031e+02, 2.912322998046875e+02, 2.911713256835938e+02, 2.9110791015625e+02, 2.910508422851562e+02, 2.910085754394531e+02, 2.909822387695312e+02, 2.909972839355469e+02, 2.911038208007812e+02, 2.910891418457031e+02, 2.910194396972656e+02]
conExt[1].opa.T[5]=[2.931499938964844e+02, 2.930679016113281e+02, 2.928572387695312e+02, 2.926495361328125e+02, 2.925758361816406e+02, 2.925236511230469e+02, 2.924271850585938e+02, 2.923194274902344e+02, 2.922125854492188e+02, 2.921058959960938e+02, 2.920203857421875e+02, 2.919698486328125e+02, 2.919476928710938e+02, 2.919102478027344e+02, 2.918670043945312e+02, 2.918266906738281e+02, 2.9178515625e+02, 2.917367553710938e+02, 2.91696044921875e+02, 2.916788024902344e+02, 2.916517944335938e+02, 2.916071472167969e+02, 2.915618896484375e+02, 2.915196228027344e+02, 2.914794006347656e+02, 2.91459228515625e+02, 2.9146826171875e+02, 2.914700317382812e+02, 2.914378356933594e+02, 2.913897705078125e+02, 2.913297424316406e+02, 2.912484130859375e+02, 2.912018737792969e+02, 2.913247375488281e+02, 2.914269104003906e+02, 2.914100952148438e+02, 2.913454284667969e+02, 2.912611083984375e+02, 2.911621398925781e+02, 2.910946044921875e+02, 2.91110595703125e+02, 2.910920715332031e+02, 2.910172424316406e+02, 2.909075927734375e+02, 2.907940673828125e+02, 2.906788940429688e+02, 2.905968627929688e+02, 2.907027282714844e+02, 2.908645935058594e+02, 2.908670043945312e+02, 2.907767028808594e+02, 2.906675720214844e+02, 2.905573425292969e+02, 2.904730224609375e+02, 2.905502014160156e+02, 2.907192077636719e+02, 2.907825012207031e+02, 2.907674255371094e+02, 2.907434692382812e+02, 2.907212219238281e+02, 2.907070007324219e+02, 2.907664794921875e+02, 2.909134216308594e+02, 2.91009521484375e+02, 2.910502624511719e+02, 2.910765991210938e+02, 2.910945434570312e+02, 2.911073608398438e+02, 2.911990356445312e+02, 2.914021911621094e+02, 2.915130310058594e+02, 2.914935607910156e+02, 2.91443603515625e+02, 2.914020690917969e+02, 2.913703918457031e+02, 2.91359375e+02, 2.914609985351562e+02, 2.91581787109375e+02, 2.91603759765625e+02, 2.915958862304688e+02, 2.915791625976562e+02, 2.915698852539062e+02, 2.915720520019531e+02, 2.915932006835938e+02, 2.916109619140625e+02, 2.915896606445312e+02, 2.915247192382812e+02, 2.91436767578125e+02, 2.913441162109375e+02, 2.91282958984375e+02, 2.913658447265625e+02, 2.914200439453125e+02, 2.91377685546875e+02, 2.913193969726562e+02, 2.912662048339844e+02, 2.912255859375e+02, 2.911957702636719e+02, 2.911972351074219e+02, 2.91282958984375e+02, 2.912965393066406e+02, 2.912434997558594e+02]
conExt[1].win.glaUns.glass_a.T=[2.668628540039062e+02, 2.682950439453125e+02, 2.679088134765625e+02, 2.693303527832031e+02, 2.742868041992188e+02, 2.785523071289062e+02, 2.760575866699219e+02, 2.7501513671875e+02, 2.736134338378906e+02, 2.755870666503906e+02, 2.765643310546875e+02, 2.808308410644531e+02, 2.764461669921875e+02, 2.771122436523438e+02, 2.800202941894531e+02, 2.757452697753906e+02, 2.737127075195312e+02, 2.718279724121094e+02, 2.736545104980469e+02, 2.756278076171875e+02, 2.746340942382812e+02, 2.736282348632812e+02, 2.732839660644531e+02, 2.731293029785156e+02, 2.738238220214844e+02, 2.753943481445312e+02, 2.754834289550781e+02, 2.708965759277344e+02, 2.702956848144531e+02, 2.692131958007812e+02, 2.650890808105469e+02, 2.629049377441406e+02, 2.673309631347656e+02, 2.710544738769531e+02, 2.702544860839844e+02, 2.677157897949219e+02, 2.654604187011719e+02, 2.641231079101562e+02, 2.634749450683594e+02, 2.653515319824219e+02, 2.669209594726562e+02, 2.634942626953125e+02, 2.617621154785156e+02, 2.594644775390625e+02, 2.583775634765625e+02, 2.587868347167969e+02, 2.615931091308594e+02, 2.639032897949219e+02, 2.610002136230469e+02, 2.610189514160156e+02, 2.609571533203125e+02, 2.601824951171875e+02, 2.605571899414062e+02, 2.63516357421875e+02, 2.659238891601562e+02, 2.672671203613281e+02, 2.673930053710938e+02, 2.671051025390625e+02, 2.674876403808594e+02, 2.675903930664062e+02, 2.707525329589844e+02, 2.753520202636719e+02, 2.759893798828125e+02, 2.758988952636719e+02, 2.757391052246094e+02, 2.750350646972656e+02, 2.74435302734375e+02, 2.746481018066406e+02, 2.774612731933594e+02, 2.763504638671876e+02, 2.725202026367188e+02, 2.720717468261719e+02, 2.724675598144531e+02, 2.730234375e+02, 2.725711669921875e+02, 2.752469482421875e+02, 2.7869287109375e+02, 2.773228149414062e+02, 2.768078308105469e+02, 2.759505310058594e+02, 2.776976928710938e+02, 2.758217468261719e+02, 2.776485900878906e+02, 2.771509704589844e+02, 2.738363037109375e+02, 2.688942260742188e+02, 2.665460205078125e+02, 2.654794616699219e+02, 2.653896484375e+02, 2.694524230957031e+02, 2.702648315429688e+02, 2.695962829589844e+02, 2.706258850097656e+02, 2.701825561523438e+02, 2.733578491210938e+02, 2.721142578125e+02, 2.715651550292969e+02, 2.722908020019531e+02, 2.702871398925781e+02, 2.690122680664062e+02, 2.653042907714844e+02]
conExt[1].win.glaUns.glass_b.T=[2.8969384765625e+02, 2.899512023925781e+02, 2.898818054199219e+02, 2.90113037109375e+02, 2.909740295410156e+02, 2.917142333984375e+02, 2.912894592285156e+02, 2.911154479980469e+02, 2.9087060546875e+02, 2.912080688476562e+02, 2.91382568359375e+02, 2.921163024902344e+02, 2.913782653808594e+02, 2.914794921875e+02, 2.919898376464844e+02, 2.912446899414062e+02, 2.908975524902344e+02, 2.905628051757812e+02, 2.908714599609375e+02, 2.912211608886719e+02, 2.910460205078125e+02, 2.908777160644531e+02, 2.908162841796875e+02, 2.907844848632812e+02, 2.909026794433594e+02, 2.911754760742188e+02, 2.912002563476562e+02, 2.904070739746094e+02, 2.903009643554688e+02, 2.900972900390625e+02, 2.894131469726562e+02, 2.889943542480469e+02, 2.897679138183594e+02, 2.904154968261719e+02, 2.902904357910156e+02, 2.898453063964844e+02, 2.894560852050781e+02, 2.892104797363281e+02, 2.890858764648438e+02, 2.894198303222656e+02, 2.897015991210938e+02, 2.891008605957031e+02, 2.887920532226562e+02, 2.883647155761719e+02, 2.88178955078125e+02, 2.882472229003906e+02, 2.887463073730469e+02, 2.891729431152344e+02, 2.886463317871094e+02, 2.886614990234375e+02, 2.886474914550781e+02, 2.884992980957031e+02, 2.885563049316406e+02, 2.89093017578125e+02, 2.895311889648438e+02, 2.897611694335938e+02, 2.897811584472656e+02, 2.897379760742188e+02, 2.897977294921875e+02, 2.898174743652344e+02, 2.903543395996094e+02, 2.911671752929688e+02, 2.913005676269531e+02, 2.912576904296875e+02, 2.912480773925781e+02, 2.911180725097656e+02, 2.910243835449219e+02, 2.910470886230469e+02, 2.915406494140625e+02, 2.913584289550781e+02, 2.906841125488281e+02, 2.906056213378906e+02, 2.906668701171875e+02, 2.90768798828125e+02, 2.906902770996094e+02, 2.911486206054688e+02, 2.917700500488281e+02, 2.915187377929688e+02, 2.914334411621094e+02, 2.912765197753906e+02, 2.915922546386719e+02, 2.912504272460938e+02, 2.915763549804688e+02, 2.914965209960938e+02, 2.909305725097656e+02, 2.900571594238281e+02, 2.896380920410156e+02, 2.894575805664062e+02, 2.894430847167969e+02, 2.901372680664062e+02, 2.902816467285156e+02, 2.901705627441406e+02, 2.903472595214844e+02, 2.902925109863281e+02, 2.908318176269531e+02, 2.906211242675781e+02, 2.905128173828125e+02, 2.906420593261719e+02, 2.902987060546875e+02, 2.9008154296875e+02, 2.894231567382812e+02]
bouConExt.weaBus.TDryBul=[2.609500122070312e+02, 2.621011047363281e+02, 2.625499877929688e+02, 2.665859985351562e+02, 2.715532531738281e+02, 2.720499877929688e+02, 2.720211181640625e+02, 2.714474182128906e+02, 2.698616027832031e+02, 2.721641845703125e+02, 2.73510009765625e+02, 2.748500061035156e+02, 2.73848876953125e+02, 2.740790100097656e+02, 2.731499938964844e+02, 2.733664245605469e+02, 2.712139892578125e+02, 2.687122497558594e+02, 2.701607055664062e+02, 2.703500061035156e+02, 2.703500061035156e+02, 2.703500061035156e+02, 2.703500061035156e+02, 2.698500061035156e+02, 2.707337341308594e+02, 2.720499877929688e+02, 2.7205712890625e+02, 2.684580078125e+02, 2.6806201171875e+02, 2.661690368652344e+02, 2.615640869140625e+02, 2.592766723632812e+02, 2.64716796875e+02, 2.690650634765625e+02, 2.680060119628906e+02, 2.646900024414062e+02, 2.62093994140625e+02, 2.591625671386719e+02, 2.582370910644531e+02, 2.609939880371094e+02, 2.618193054199219e+02, 2.578509826660156e+02, 2.543108673095703e+02, 2.542709197998047e+02, 2.5264599609375e+02, 2.503481140136719e+02, 2.581070861816406e+02, 2.603697204589844e+02, 2.568208923339844e+02, 2.541324615478516e+02, 2.531499938964844e+02, 2.520500030517578e+02, 2.514499969482422e+02, 2.589198913574219e+02, 2.628139953613281e+02, 2.632027893066406e+02, 2.63836669921875e+02, 2.645320129394531e+02, 2.648261413574219e+02, 2.649047546386719e+02, 2.686072998046875e+02, 2.737038879394531e+02, 2.744391784667969e+02, 2.740384216308594e+02, 2.725255432128906e+02, 2.721736450195312e+02, 2.718446960449219e+02, 2.721820068359375e+02, 2.751186218261719e+02, 2.740066528320313e+02, 2.685275573730469e+02, 2.684140014648438e+02, 2.697689208984375e+02, 2.698258056640625e+02, 2.695376586914062e+02, 2.731499938964844e+02, 2.771539916992188e+02, 2.758175354003906e+02, 2.753078918457031e+02, 2.744216003417969e+02, 2.766254577636719e+02, 2.743133239746094e+02, 2.759500122070312e+02, 2.754525146484375e+02, 2.720597534179688e+02, 2.666798706054688e+02, 2.6375e+02, 2.628267211914062e+02, 2.620499877929688e+02, 2.659939880371094e+02, 2.671028137207031e+02, 2.648287658691406e+02, 2.660057678222656e+02, 2.662762145996094e+02, 2.689168090820312e+02, 2.67787841796875e+02, 2.687315063476562e+02, 2.698032531738281e+02, 2.671799926757812e+02, 2.645320739746094e+02, 2.5875e+02]
