last-generated=2020-09-04
statistics-simulation=
{
  "linear": "0, 0",
  "nonlinear": "1, 1",
  "number of continuous time states": "5",
  "numerical Jacobians": "0"
}
time=[0e+00, 1.2096e+06]
conExt[1].opa.T[1]=[2.931499938964844e+02, 2.690997619628906e+02, 2.694338989257812e+02, 2.86002685546875e+02, 2.816597900390625e+02, 2.767273559570312e+02, 2.7612939453125e+02, 2.754202880859375e+02, 2.740653686523438e+02, 2.758869934082031e+02, 2.793010559082031e+02, 2.83684326171875e+02, 2.784844360351562e+02, 2.776638488769531e+02, 2.775187072753906e+02, 2.770616455078125e+02, 2.759452819824219e+02, 2.772838134765625e+02, 2.808296203613281e+02, 2.785351257324219e+02, 2.749223327636719e+02, 2.749671325683594e+02, 2.749687194824219e+02, 2.746085205078125e+02, 2.767034912109375e+02, 2.80183349609375e+02, 2.7943212890625e+02, 2.738596801757812e+02, 2.733503723144531e+02, 2.709689331054688e+02, 2.686498413085938e+02, 2.690953674316406e+02, 2.903500061035156e+02, 2.857469482421875e+02, 2.729174499511719e+02, 2.703461608886719e+02, 2.68181884765625e+02, 2.655727233886719e+02, 2.661207885742188e+02, 2.852387390136719e+02, 2.741793518066406e+02, 2.653845825195313e+02, 2.618538513183594e+02, 2.615981750488281e+02, 2.604508056640625e+02, 2.596358032226562e+02, 2.89963623046875e+02, 2.940987548828125e+02, 2.669250183105469e+02, 2.616293640136719e+02, 2.606557006835938e+02, 2.597164001464844e+02, 2.596174621582031e+02, 2.820741882324219e+02, 2.879068908691406e+02, 2.726989440917969e+02, 2.687067565917969e+02, 2.696634216308594e+02, 2.696048889160156e+02, 2.698156433105469e+02, 2.78323974609375e+02, 2.882161560058594e+02, 2.803800048828125e+02, 2.766265563964844e+02, 2.76549560546875e+02, 2.757470397949219e+02, 2.754830932617188e+02, 2.875948486328125e+02, 3.045678100585938e+02, 2.887823486328127e+02, 2.731176452636719e+02, 2.733354797363281e+02, 2.741437683105469e+02, 2.746637573242188e+02, 2.750921936035156e+02, 2.900363159179688e+02, 2.922569274902344e+02, 2.781280212402344e+02, 2.781693725585938e+02, 2.7712890625e+02, 2.789559326171875e+02, 2.793502197265626e+02, 2.813861694335938e+02, 2.812251281738281e+02, 2.767075805664062e+02, 2.713213500976562e+02, 2.688569030761719e+02, 2.689098205566406e+02, 2.685182800292969e+02, 2.943019714355469e+02, 2.822128601074219e+02, 2.708245544433594e+02, 2.714066467285156e+02, 2.71817626953125e+02, 2.734391479492188e+02, 2.723048095703125e+02, 2.7712939453125e+02, 2.961025085449219e+02, 2.740833435058594e+02, 2.697699279785156e+02, 2.660158996582031e+02]
conExt[1].opa.T[2]=[2.931499938964844e+02, 2.847273559570312e+02, 2.846160583496094e+02, 2.893856506347656e+02, 2.891426391601562e+02, 2.871552429199219e+02, 2.865470581054688e+02, 2.863543395996094e+02, 2.857473449707031e+02, 2.862200622558594e+02, 2.871191711425781e+02, 2.886463317871094e+02, 2.872054748535156e+02, 2.866967163085938e+02, 2.868389282226562e+02, 2.864553527832031e+02, 2.86154052734375e+02, 2.862687377929688e+02, 2.876086120605469e+02, 2.870967712402344e+02, 2.856248168945312e+02, 2.855716857910156e+02, 2.855360717773438e+02, 2.853886108398438e+02, 2.85888916015625e+02, 2.871817321777344e+02, 2.872415466308594e+02, 2.852356872558594e+02, 2.849064331054688e+02, 2.839600830078125e+02, 2.833750610351562e+02, 2.826194458007812e+02, 2.900597534179688e+02, 2.896879272460938e+02, 2.848790283203125e+02, 2.838797302246094e+02, 2.830688171386719e+02, 2.821246032714844e+02, 2.818278503417969e+02, 2.889900817871094e+02, 2.847835083007812e+02, 2.822659301757812e+02, 2.806574096679688e+02, 2.803813781738281e+02, 2.798838500976562e+02, 2.79306884765625e+02, 2.889881286621094e+02, 2.917898254394531e+02, 2.835192565917969e+02, 2.804728393554688e+02, 2.799647827148438e+02, 2.795212707519531e+02, 2.793790893554688e+02, 2.863312072753906e+02, 2.893037109375e+02, 2.850953369140625e+02, 2.826914672851562e+02, 2.830031127929688e+02, 2.829402160644531e+02, 2.830325927734375e+02, 2.853133544921875e+02, 2.892917175292969e+02, 2.875090026855469e+02, 2.855703735351562e+02, 2.85697265625e+02, 2.854322204589844e+02, 2.854317626953125e+02, 2.882335205078125e+02, 2.952388305664062e+02, 2.911763000488282e+02, 2.851177368164062e+02, 2.8480224609375e+02, 2.850357360839844e+02, 2.853262023925781e+02, 2.852858581542969e+02, 2.898584899902344e+02, 2.918404235839844e+02, 2.867384033203125e+02, 2.867396850585938e+02, 2.862940063476562e+02, 2.869087524414062e+02, 2.868292236328125e+02, 2.876692199707031e+02, 2.878736572265625e+02, 2.863274230957031e+02, 2.844366455078125e+02, 2.834161376953125e+02, 2.833114624023438e+02, 2.828484497070312e+02, 2.911539306640625e+02, 2.883819580078125e+02, 2.841405639648438e+02, 2.84100341796875e+02, 2.842376098632812e+02, 2.84623046875e+02, 2.842406311035156e+02, 2.858813171386719e+02, 2.91184814453125e+02, 2.860156860351562e+02, 2.836445007324219e+02, 2.824187622070312e+02]
conExt[1].opa.T[3]=[2.931499938964844e+02, 2.927253112792969e+02, 2.923968200683594e+02, 2.922587585449219e+02, 2.923277893066406e+02, 2.92175537109375e+02, 2.919955139160156e+02, 2.918573303222656e+02, 2.917034606933594e+02, 2.915820007324219e+02, 2.915130310058594e+02, 2.915258178710938e+02, 2.915046997070312e+02, 2.914176330566406e+02, 2.913704528808594e+02, 2.913014526367188e+02, 2.91242919921875e+02, 2.911652526855469e+02, 2.911838989257812e+02, 2.9119482421875e+02, 2.911027221679688e+02, 2.910274353027344e+02, 2.909674377441406e+02, 2.909107360839844e+02, 2.908653869628906e+02, 2.908970336914062e+02, 2.909424743652344e+02, 2.908827514648438e+02, 2.907948303222656e+02, 2.906946411132812e+02, 2.905977172851562e+02, 2.904314880371094e+02, 2.906067199707031e+02, 2.908617248535156e+02, 2.907767028808594e+02, 2.906539306640625e+02, 2.905309753417969e+02, 2.903952331542969e+02, 2.902408447265625e+02, 2.904089660644531e+02, 2.904251708984375e+02, 2.903307495117188e+02, 2.901203918457031e+02, 2.899461975097656e+02, 2.897845764160156e+02, 2.896163330078125e+02, 2.897955017089844e+02, 2.902467346191406e+02, 2.903094482421875e+02, 2.900234680175781e+02, 2.898311767578125e+02, 2.896653137207031e+02, 2.895149841308594e+02, 2.895935974121094e+02, 2.899344482421875e+02, 2.900684509277344e+02, 2.899325256347656e+02, 2.898845520019531e+02, 2.898528747558594e+02, 2.898314514160156e+02, 2.898584289550781e+02, 2.901083374023438e+02, 2.903067016601562e+02, 2.902881469726562e+02, 2.903209533691406e+02, 2.90337890625e+02, 2.903546447753906e+02, 2.903922424316406e+02, 2.908564147949219e+02, 2.911532592773438e+02, 2.90995361328125e+02, 2.90857421875e+02, 2.907914123535156e+02, 2.907603149414062e+02, 2.907175903320312e+02, 2.908190307617188e+02, 2.911111755371094e+02, 2.910911865234375e+02, 2.910449829101562e+02, 2.91010009765625e+02, 2.91002197265625e+02, 2.909922485351562e+02, 2.910312194824219e+02, 2.910789794921875e+02, 2.910509338378906e+02, 2.909413146972656e+02, 2.907954406738281e+02, 2.906642456054688e+02, 2.905297546386719e+02, 2.906994934082031e+02, 2.909605407714844e+02, 2.908103637695312e+02, 2.906785583496094e+02, 2.906087646484375e+02, 2.905472717285156e+02, 2.904981384277344e+02, 2.905110168457031e+02, 2.906318359375e+02, 2.908086547851562e+02, 2.9062353515625e+02, 2.904806518554688e+02]
conExt[1].opa.T[4]=[2.931499938964844e+02, 2.929709167480469e+02, 2.926883239746094e+02, 2.924679260253906e+02, 2.924427185058594e+02, 2.92360107421875e+02, 2.922245788574219e+02, 2.92093505859375e+02, 2.919615783691406e+02, 2.918359680175781e+02, 2.917457580566406e+02, 2.917100524902344e+02, 2.917012329101562e+02, 2.916463623046875e+02, 2.915944519042969e+02, 2.915401306152344e+02, 2.914869995117188e+02, 2.914217529296875e+02, 2.913971862792969e+02, 2.914025268554688e+02, 2.913620910644531e+02, 2.912987670898438e+02, 2.912410888671875e+02, 2.911881103515625e+02, 2.911386108398438e+02, 2.911289978027344e+02, 2.911547546386719e+02, 2.911469116210938e+02, 2.910885009765625e+02, 2.910169372558594e+02, 2.90934326171875e+02, 2.908160400390625e+02, 2.908076171875e+02, 2.909792175292969e+02, 2.910317993164062e+02, 2.909707946777344e+02, 2.908809509277344e+02, 2.907743530273438e+02, 2.906467590332031e+02, 2.90633056640625e+02, 2.907001953125e+02, 2.906741638183594e+02, 2.905480346679688e+02, 2.903979187011719e+02, 2.902530517578125e+02, 2.901057739257812e+02, 2.900741271972656e+02, 2.903333129882812e+02, 2.905376281738281e+02, 2.904460144042969e+02, 2.902964477539062e+02, 2.901481323242188e+02, 2.900063171386719e+02, 2.899421081542969e+02, 2.901159362792969e+02, 2.902967224121094e+02, 2.902928466796875e+02, 2.9025390625e+02, 2.902234497070312e+02, 2.901987915039062e+02, 2.901898498535156e+02, 2.903043823242188e+02, 2.904859313964844e+02, 2.905538024902344e+02, 2.905901184082031e+02, 2.906161804199219e+02, 2.906341857910156e+02, 2.9064697265625e+02, 2.908668518066406e+02, 2.911756286621094e+02, 2.912322387695312e+02, 2.911567993164062e+02, 2.910888366699219e+02, 2.910436401367188e+02, 2.910044250488281e+02, 2.910137329101562e+02, 2.911813659667969e+02, 2.912825622558594e+02, 2.912724304199219e+02, 2.912535705566406e+02, 2.912352600097656e+02, 2.912273254394531e+02, 2.912394714355469e+02, 2.9127099609375e+02, 2.912799682617188e+02, 2.912297058105469e+02, 2.911289672851562e+02, 2.910136413574219e+02, 2.908980102539062e+02, 2.908843078613281e+02, 2.910805053710938e+02, 2.910913696289062e+02, 2.910033569335938e+02, 2.909301147460938e+02, 2.90865966796875e+02, 2.908182678222656e+02, 2.907923583984375e+02, 2.908256225585938e+02, 2.909888305664062e+02, 2.909429321289062e+02, 2.908450317382812e+02]
conExt[1].opa.T[5]=[2.931499938964844e+02, 2.930732421875e+02, 2.928469848632812e+02, 2.926240539550781e+02, 2.925390625e+02, 2.924870300292969e+02, 2.923848876953125e+02, 2.922674865722656e+02, 2.9215283203125e+02, 2.920372009277344e+02, 2.919446411132812e+02, 2.918915100097656e+02, 2.918789978027344e+02, 2.918444519042969e+02, 2.917963256835938e+02, 2.917508239746094e+02, 2.91703125e+02, 2.916498107910156e+02, 2.916107177734375e+02, 2.916074523925781e+02, 2.91590087890625e+02, 2.915400085449219e+02, 2.914876098632812e+02, 2.914393615722656e+02, 2.913934936523438e+02, 2.913686218261719e+02, 2.913800964355469e+02, 2.913890380859375e+02, 2.913525390625e+02, 2.912968139648438e+02, 2.912266235351562e+02, 2.911374816894531e+02, 2.910734558105469e+02, 2.911737365722656e+02, 2.912690734863281e+02, 2.912492370605469e+02, 2.911822204589844e+02, 2.910950927734375e+02, 2.909899597167969e+02, 2.909205017089844e+02, 2.909734497070312e+02, 2.909776916503906e+02, 2.909024963378906e+02, 2.907779235839844e+02, 2.906496276855469e+02, 2.905207824707031e+02, 2.904307556152344e+02, 2.905669860839844e+02, 2.907816772460938e+02, 2.907981872558594e+02, 2.906877136230469e+02, 2.905580749511719e+02, 2.9043017578125e+02, 2.9033154296875e+02, 2.904065246582031e+02, 2.905712585449219e+02, 2.906313781738281e+02, 2.906075134277344e+02, 2.905795288085938e+02, 2.905552673339844e+02, 2.905387268066406e+02, 2.905908813476562e+02, 2.907347106933594e+02, 2.9083544921875e+02, 2.908761901855469e+02, 2.90904541015625e+02, 2.909228515625e+02, 2.909341735839844e+02, 2.910424194335938e+02, 2.913014221191406e+02, 2.9144384765625e+02, 2.9141748046875e+02, 2.91356689453125e+02, 2.913083190917969e+02, 2.912722778320312e+02, 2.912549438476562e+02, 2.913485107421875e+02, 2.91474609375e+02, 2.914943542480469e+02, 2.914842834472656e+02, 2.914660034179688e+02, 2.914575500488281e+02, 2.914588317871094e+02, 2.914798278808594e+02, 2.914991760253906e+02, 2.914768981933594e+02, 2.914054260253906e+02, 2.913082275390625e+02, 2.912079467773438e+02, 2.91141845703125e+02, 2.912590637207031e+02, 2.913356018066406e+02, 2.912868347167969e+02, 2.912186889648438e+02, 2.911589660644531e+02, 2.911122436523438e+02, 2.910765991210938e+02, 2.910823974609375e+02, 2.911940002441406e+02, 2.912203979492188e+02, 2.911534118652344e+02]
bouConExt.weaBus.TDryBul=[2.609500122070312e+02, 2.621011047363281e+02, 2.625499877929688e+02, 2.665859985351562e+02, 2.715532531738281e+02, 2.720499877929688e+02, 2.720211181640625e+02, 2.714474182128906e+02, 2.698616027832031e+02, 2.721641845703125e+02, 2.73510009765625e+02, 2.748500061035156e+02, 2.73848876953125e+02, 2.740790100097656e+02, 2.731499938964844e+02, 2.733664245605469e+02, 2.712139892578125e+02, 2.687122497558594e+02, 2.701607055664062e+02, 2.703500061035156e+02, 2.703500061035156e+02, 2.703500061035156e+02, 2.703500061035156e+02, 2.698500061035156e+02, 2.707337341308594e+02, 2.720499877929688e+02, 2.7205712890625e+02, 2.684580078125e+02, 2.6806201171875e+02, 2.661690368652344e+02, 2.615640869140625e+02, 2.592766723632812e+02, 2.64716796875e+02, 2.690650634765625e+02, 2.680060119628906e+02, 2.646900024414062e+02, 2.62093994140625e+02, 2.591625671386719e+02, 2.582370910644531e+02, 2.609939880371094e+02, 2.618193054199219e+02, 2.578509826660156e+02, 2.543108673095703e+02, 2.542709197998047e+02, 2.5264599609375e+02, 2.503481140136719e+02, 2.581070861816406e+02, 2.603697204589844e+02, 2.568208923339844e+02, 2.541324615478516e+02, 2.531499938964844e+02, 2.520500030517578e+02, 2.514499969482422e+02, 2.589198913574219e+02, 2.628139953613281e+02, 2.632027893066406e+02, 2.63836669921875e+02, 2.645320129394531e+02, 2.648261413574219e+02, 2.649047546386719e+02, 2.686072998046875e+02, 2.737038879394531e+02, 2.744391784667969e+02, 2.740384216308594e+02, 2.725255432128906e+02, 2.721736450195312e+02, 2.718446960449219e+02, 2.721820068359375e+02, 2.751186218261719e+02, 2.740066528320313e+02, 2.685275573730469e+02, 2.684140014648438e+02, 2.697689208984375e+02, 2.698258056640625e+02, 2.695376586914062e+02, 2.731499938964844e+02, 2.771539916992188e+02, 2.758175354003906e+02, 2.753078918457031e+02, 2.744216003417969e+02, 2.766254577636719e+02, 2.743133239746094e+02, 2.759500122070312e+02, 2.754525146484375e+02, 2.720597534179688e+02, 2.666798706054688e+02, 2.6375e+02, 2.628267211914062e+02, 2.620499877929688e+02, 2.659939880371094e+02, 2.671028137207031e+02, 2.648287658691406e+02, 2.660057678222656e+02, 2.662762145996094e+02, 2.689168090820312e+02, 2.67787841796875e+02, 2.687315063476562e+02, 2.698032531738281e+02, 2.671799926757812e+02, 2.645320739746094e+02, 2.5875e+02]
