last-generated=2020-09-04
statistics-simulation=
{
  "linear": "0, 0",
  "nonlinear": " ",
  "number of continuous time states": "8",
  "numerical Jacobians": "0"
}
time=[0e+00, 7.2e+03]
dooOpe.vAB=[-9.142726159483416e-11, 7.74449435994029e-04, 3.133330028504133e-03, 6.835625041276217e-03, 1.176823209971189e-02, 1.63718331605196e-02, 2.088336274027824e-02, 2.473892271518708e-02, 2.795620076358318e-02, 3.065226413309574e-02, 3.288470208644867e-02, 3.471989929676056e-02, 3.619106858968735e-02, 3.731773421168327e-02, 3.81368026137352e-02, 3.78570482134819e-02, 3.57804074883461e-02, 3.387908264994621e-02, 3.234667703509331e-02, 3.097992204129696e-02, 2.963929623365402e-02, 2.822378091514111e-02, 2.665377967059612e-02, 2.494762651622295e-02, 2.279378846287727e-02, 2.027429267764091e-02, 1.722812838852406e-02, 1.356336474418639e-02, 9.050460532307609e-03, 3.505346830934286e-03, 3.254847368225455e-03, 1.039236318320036e-02, 1.674917154014111e-02, 2.135609462857246e-02, 2.460860647261143e-02, 2.690849080681801e-02, 2.852876856923103e-02, 2.96892449259758e-02, 3.045676462352276e-02, 3.091093152761459e-02, 3.109732270240784e-02, 3.104638308286667e-02, 3.077366016805172e-02, 3.029356896877289e-02, 2.961068786680698e-02, 2.87036020308733e-02, 2.757851965725422e-02, 2.61959433555603e-02, 2.45697870850563e-02, 2.252038568258286e-02, 2.010616660118103e-02, 1.712100021541119e-02, 1.341824233531952e-02, 8.854853920638561e-03, 3.286854363977871e-03, 3.233756404370122e-03, 1.065441966056828e-02, 1.675539277493954e-02, 2.188799157738686e-02, 2.411099337041378e-02, 2.661170065402985e-02, 2.853974141180515e-02, 2.966099977493286e-02, 3.058084473013878e-02, 3.087534755468369e-02, 3.105699270963669e-02, 3.100371547043324e-02, 3.073527105152607e-02, 3.025877848267555e-02, 2.957802638411522e-02, 2.867053262889385e-02, 2.749894373118877e-02, 2.616397850215435e-02, 2.446615137159824e-02, 2.255123667418957e-02, 2.010281011462212e-02, 1.698591373860836e-02, 1.323750521987677e-02, 8.862069807946682e-03, 3.538180375471711e-03, 3.344672964885831e-03, 1.062169577926397e-02, 1.695379428565502e-02, 2.158317342400551e-02, 2.466314472258091e-02, 2.69667524844408e-02, 2.857792563736439e-02, 2.971110679209232e-02, 3.046916984021664e-02, 3.09119988232851e-02, 3.109771572053432e-02, 3.100997768342495e-02, 3.076403588056564e-02, 3.029332123696804e-02, 2.961349487304688e-02, 2.870245650410652e-02, 2.757298201322556e-02, 2.620672807097435e-02, 2.455287799239159e-02, 2.24941298365593e-02, 1.999678835272789e-02]
dooOpe.vBA=[9.14273240448793e-11, 7.837468292564154e-04, 3.137072315439582e-03, 6.855730433017015e-03, 1.11997714266181e-02, 1.639193668961525e-02, 2.093473821878433e-02, 2.479700744152069e-02, 2.801813371479511e-02, 3.070724941790104e-02, 3.295518830418587e-02, 3.479258343577385e-02, 3.625549748539925e-02, 3.739289939403534e-02, 3.820661827921867e-02, 3.790243342518806e-02, 3.581403195858002e-02, 3.39101105928421e-02, 3.237665817141533e-02, 3.100502490997314e-02, 2.965897135436535e-02, 2.824070118367672e-02, 2.667602524161339e-02, 2.480972558259964e-02, 2.279812283813953e-02, 2.030831202864647e-02, 1.72840803861618e-02, 1.354648545384406e-02, 9.005745872855171e-03, 3.473286749795079e-03, 3.228474874049425e-03, 1.056404411792755e-02, 1.668394170701504e-02, 2.132474817335606e-02, 2.457493357360363e-02, 2.687385305762291e-02, 2.851413190364838e-02, 2.965843304991722e-02, 3.042070008814335e-02, 3.087287582457066e-02, 3.106020949780941e-02, 3.10097262263298e-02, 3.074154630303383e-02, 3.026446513831615e-02, 2.957798354327679e-02, 2.86907609552145e-02, 2.756356261670589e-02, 2.619499526917934e-02, 2.449609525501728e-02, 2.251783199608326e-02, 2.002778835594654e-02, 1.700988039374352e-02, 1.334293372929096e-02, 8.85853823274374e-03, 3.330216975882608e-03, 3.643966978415887e-03, 1.065505854785446e-02, 1.69417280703783e-02, 2.098245173692703e-02, 2.520952187478542e-02, 2.727213315665722e-02, 2.858985029160976e-02, 2.974049933254719e-02, 3.033008240163326e-02, 3.089194744825363e-02, 3.109047375619411e-02, 3.103759326040745e-02, 3.076782263815403e-02, 3.028810769319534e-02, 2.959295175969601e-02, 2.869592793285847e-02, 2.760632522404194e-02, 2.618169412016869e-02, 2.455657906830311e-02, 2.24393717944622e-02, 1.999234408140182e-02, 1.711956970393658e-02, 1.351905055344105e-02, 8.84275883436203e-03, 3.087503835558891e-03, 3.484239103272557e-03, 1.061972603201866e-02, 1.667153462767601e-02, 2.121999487280846e-02, 2.459890022873878e-02, 2.690146304666996e-02, 2.854753658175468e-02, 2.967394143342972e-02, 3.043187409639359e-02, 3.088508173823357e-02, 3.106715902686119e-02, 3.101334720849991e-02, 3.073963150382042e-02, 3.0258784070611e-02, 2.95746885240078e-02, 2.868600934743881e-02, 2.753529138863087e-02, 2.615149132907391e-02, 2.452049776911736e-02, 2.253666892647743e-02, 2.013537473976612e-02]
dooOpeClo.vAB=[-4.582218632309676e-11, 3.714344929903746e-04, 1.563427969813347e-03, 3.415262326598167e-03, 5.846701562404633e-03, 8.073960430920124e-03, 1.02394912391901e-02, 1.214471831917763e-02, 1.383894309401512e-02, 1.533149369060993e-02, 1.66142787784338e-02, 1.769515872001648e-02, 1.85812097042799e-02, 1.927217468619347e-02, 2.066331543028356e-02, 3.039469383656979e-02, 3.57804074883461e-02, 3.387908264994621e-02, 3.234667703509331e-02, 3.097992204129696e-02, 2.963929623365402e-02, 2.822378091514111e-02, 2.665377967059612e-02, 2.494762651622295e-02, 2.279378846287727e-02, 2.027429267764091e-02, 1.722812838852406e-02, 1.356336474418639e-02, 9.050460532307609e-03, 3.505346830934286e-03, 3.254847368225455e-03, 1.039236318320036e-02, 1.674917154014111e-02, 2.135609462857246e-02, 2.460860647261143e-02, 2.690849080681801e-02, 2.852876856923103e-02, 2.96892449259758e-02, 3.045676462352276e-02, 3.091093152761459e-02, 3.109732270240784e-02, 3.104638308286667e-02, 3.077366016805172e-02, 3.029356896877289e-02, 2.961068786680698e-02, 2.87036020308733e-02, 2.757851965725422e-02, 2.61959433555603e-02, 2.45697870850563e-02, 2.252038568258286e-02, 2.010616660118103e-02, 1.712100021541119e-02, 1.341824233531952e-02, 8.854853920638561e-03, 3.286854363977871e-03, 3.233756404370122e-03, 1.065441966056828e-02, 1.675539277493954e-02, 2.188799157738686e-02, 2.411099337041378e-02, 2.661170065402985e-02, 2.853974141180515e-02, 2.966099977493286e-02, 3.058084473013878e-02, 3.087534755468369e-02, 3.105699270963669e-02, 3.100371547043324e-02, 3.073527105152607e-02, 3.025877848267555e-02, 2.957802638411522e-02, 2.867053262889385e-02, 2.749894373118877e-02, 2.616397850215435e-02, 2.446615137159824e-02, 2.255123667418957e-02, 2.010281011462212e-02, 1.698591373860836e-02, 1.323750521987677e-02, 8.862069807946682e-03, 3.538180375471711e-03, 3.344672964885831e-03, 1.062169577926397e-02, 1.695379428565502e-02, 2.158317342400551e-02, 2.466314472258091e-02, 2.69667524844408e-02, 2.857792563736439e-02, 2.971110679209232e-02, 3.046916984021664e-02, 3.09119988232851e-02, 3.109771572053432e-02, 3.100997768342495e-02, 3.076403588056564e-02, 3.029332123696804e-02, 2.961349487304688e-02, 2.870245650410652e-02, 2.757298201322556e-02, 2.620672807097435e-02, 2.455287799239159e-02, 2.24941298365593e-02, 1.999678835272789e-02]
dooOpeClo.vBA=[4.582220020088457e-11, 3.760938125196844e-04, 1.565301092341542e-03, 3.42527637258172e-03, 5.566467065364122e-03, 8.083755150437355e-03, 1.026452053338289e-02, 1.217370200902224e-02, 1.387071795761585e-02, 1.536039914935827e-02, 1.665190421044827e-02, 1.773454621434212e-02, 1.86165813356638e-02, 1.931381598114967e-02, 2.070372737944128e-02, 3.043201565742493e-02, 3.581403195858002e-02, 3.39101105928421e-02, 3.237665817141533e-02, 3.100502490997314e-02, 2.965897135436535e-02, 2.824070118367672e-02, 2.667602524161339e-02, 2.480972558259964e-02, 2.279812283813953e-02, 2.030831202864647e-02, 1.72840803861618e-02, 1.354648545384406e-02, 9.005745872855171e-03, 3.473286749795079e-03, 3.228474874049425e-03, 1.056404411792755e-02, 1.668394170701504e-02, 2.132474817335606e-02, 2.457493357360363e-02, 2.687385305762291e-02, 2.851413190364838e-02, 2.965843304991722e-02, 3.042070008814335e-02, 3.087287582457066e-02, 3.106020949780941e-02, 3.10097262263298e-02, 3.074154630303383e-02, 3.026446513831615e-02, 2.957798354327679e-02, 2.86907609552145e-02, 2.756356261670589e-02, 2.619499526917934e-02, 2.449609525501728e-02, 2.251783199608326e-02, 2.002778835594654e-02, 1.700988039374352e-02, 1.334293372929096e-02, 8.85853823274374e-03, 3.330216975882608e-03, 3.643966978415887e-03, 1.065505854785446e-02, 1.69417280703783e-02, 2.098245173692703e-02, 2.520952187478542e-02, 2.727213315665722e-02, 2.858985029160976e-02, 2.974049933254719e-02, 3.033008240163326e-02, 3.089194744825363e-02, 3.109047375619411e-02, 3.103759326040745e-02, 3.076782263815403e-02, 3.028810769319534e-02, 2.959295175969601e-02, 2.869592793285847e-02, 2.760632522404194e-02, 2.618169412016869e-02, 2.455657906830311e-02, 2.24393717944622e-02, 1.999234408140182e-02, 1.711956970393658e-02, 1.351905055344105e-02, 8.84275883436203e-03, 3.087503835558891e-03, 3.484239103272557e-03, 1.061972603201866e-02, 1.667153462767601e-02, 2.121999487280846e-02, 2.459890022873878e-02, 2.690146304666996e-02, 2.854753658175468e-02, 2.967394143342972e-02, 3.043187409639359e-02, 3.088508173823357e-02, 3.106715902686119e-02, 3.101334720849991e-02, 3.073963150382042e-02, 3.0258784070611e-02, 2.95746885240078e-02, 2.868600934743881e-02, 2.753529138863087e-02, 2.615149132907391e-02, 2.452049776911736e-02, 2.253666892647743e-02, 2.013537473976612e-02]
dooOpe.mAB_flow=[-2.080677852234203e-10, 1.762489788234234e-03, 7.13103823363781e-03, 1.555772218853235e-02, 2.678593806922436e-02, 3.726710006594658e-02, 4.754053428769112e-02, 5.632230266928673e-02, 6.365213543176651e-02, 6.979600340127945e-02, 7.488451153039932e-02, 7.906839996576309e-02, 8.242294937372208e-02, 8.499234169721603e-02, 8.686044812202454e-02, 8.62223282456398e-02, 8.148645609617233e-02, 7.715135812759399e-02, 7.365802675485611e-02, 7.054274529218674e-02, 6.748741120100021e-02, 6.426180154085159e-02, 6.068461760878563e-02, 5.679760128259659e-02, 5.189158394932747e-02, 4.615344479680061e-02, 3.921685367822647e-02, 3.08728255331516e-02, 2.059924602508541e-02, 7.977735251188278e-03, 7.406987715512514e-03, 2.364738471806049e-02, 3.810840845108032e-02, 4.85861748456955e-02, 5.598185956478119e-02, 6.121039390563965e-02, 6.489332020282745e-02, 6.753082573413849e-02, 6.927507370710373e-02, 7.030714303255081e-02, 7.073069363832474e-02, 7.061494141817093e-02, 6.99952021241188e-02, 6.890419870615005e-02, 6.7352294921875e-02, 6.529068946838379e-02, 6.273343414068222e-02, 5.959057062864304e-02, 5.589362978935242e-02, 5.123374983668327e-02, 4.57436628639698e-02, 3.895417973399162e-02, 3.053135238587856e-02, 2.014930173754692e-02, 7.479818537831221e-03, 7.359624374657987e-03, 2.425047755241404e-02, 3.814049065113068e-02, 4.982807114720345e-02, 5.489258468151093e-02, 6.058924272656441e-02, 6.498179584741592e-02, 6.753693521022797e-02, 6.963291019201279e-02, 7.030439376831055e-02, 7.071841508150101e-02, 7.059698551893234e-02, 6.998515874147415e-02, 6.889919191598892e-02, 6.734778732061386e-02, 6.527980417013168e-02, 6.261030584573746e-02, 5.956871062517166e-02, 5.570096150040627e-02, 5.133907124400139e-02, 4.576285928487778e-02, 3.866536170244217e-02, 3.01310271024704e-02, 2.017041109502316e-02, 8.052442222833633e-03, 7.611385080963373e-03, 2.416917309165001e-02, 3.857391327619553e-02, 4.910272732377052e-02, 5.610587820410728e-02, 6.134285777807236e-02, 6.500506401062012e-02, 6.758051365613937e-02, 6.930326670408249e-02, 7.030955702066422e-02, 7.073158025741577e-02, 7.053216546773911e-02, 6.997331976890564e-02, 6.890363991260529e-02, 6.735868006944656e-02, 6.528808921575546e-02, 6.272086501121521e-02, 5.96151277422905e-02, 5.58551587164402e-02, 5.117402225732803e-02, 4.549481347203255e-02]
dooOpe.mBA_flow=[2.080679240012984e-10, 1.783612300641835e-03, 7.138979155570269e-03, 1.560070365667343e-02, 2.548424154520035e-02, 3.729581832885742e-02, 4.762797430157661e-02, 5.641022324562073e-02, 6.373272091150284e-02, 6.98443129658699e-02, 7.495209574699402e-02, 7.912617921829224e-02, 8.244895190000534e-02, 8.503203094005585e-02, 8.687978982925415e-02, 8.618903905153275e-02, 8.144624531269073e-02, 7.712148129940033e-02, 7.363761216402054e-02, 7.052094489336014e-02, 6.74620121717453e-02, 6.423857063055038e-02, 6.068193912506104e-02, 5.643900483846664e-02, 5.186529457569122e-02, 4.62033674120903e-02, 3.932509571313858e-02, 3.082307055592534e-02, 2.049260959029194e-02, 7.904060184955597e-03, 7.347585633397102e-03, 2.40447148680687e-02, 3.797776624560356e-02, 4.854575172066689e-02, 5.594872310757637e-02, 6.118602678179741e-02, 6.492340564727783e-02, 6.75310343503952e-02, 6.926823407411575e-02, 7.029878348112106e-02, 7.072575390338898e-02, 7.061068713665009e-02, 6.999946385622025e-02, 6.891215592622757e-02, 6.73476979136467e-02, 6.532588601112366e-02, 6.27574622631073e-02, 5.963936075568199e-02, 5.576916411519051e-02, 5.126304924488068e-02, 4.559209197759628e-02, 3.871992602944374e-02, 3.037100099027157e-02, 2.016237564384937e-02, 7.579143624752666e-03, 8.29247757792482e-03, 2.424507588148126e-02, 3.854643926024437e-02, 4.77360263466835e-02, 5.734878405928612e-02, 6.203750520944595e-02, 6.503218412399292e-02, 6.764735281467438e-02, 6.898689270019531e-02, 7.026398181915283e-02, 7.071512192487717e-02, 7.059495896100998e-02, 6.998193264007568e-02, 6.889178603887558e-02, 6.731196492910385e-02, 6.527326256036758e-02, 6.279671192169189e-02, 5.95581904053688e-02, 5.586360767483711e-02, 5.104947090148926e-02, 4.548471793532372e-02, 3.895093128085136e-02, 3.076072968542576e-02, 2.012178115546703e-02, 7.026161067187786e-03, 7.92968925088644e-03, 2.41714995354414e-02, 3.79495806992054e-02, 4.830734059214592e-02, 5.600333958864212e-02, 6.124895811080933e-02, 6.49995356798172e-02, 6.756638735532761e-02, 6.929370015859604e-02, 7.032659649848938e-02, 7.074158638715744e-02, 7.06188976764679e-02, 6.999509036540985e-02, 6.889921426773071e-02, 6.734020262956619e-02, 6.531506031751633e-02, 6.269306689500809e-02, 5.95402903854847e-02, 5.582472309470177e-02, 5.130592733621597e-02, 4.583700746297836e-02]
dooOpeClo.mAB_flow=[-5.826093866243345e-14, 4.722677715562895e-07, 1.987911673495546e-06, 4.342745796748204e-06, 7.434968665620545e-06, 1.026803874992765e-05, 1.302310465689516e-05, 1.544755104987417e-05, 1.760395753080957e-05, 1.950405930983834e-05, 2.113742812070996e-05, 2.251394107588567e-05, 2.364249303354882e-05, 2.45226729020942e-05, 3.162060864269784e-03, 4.616372287273407e-02, 8.148645609617233e-02, 7.715135812759399e-02, 7.365802675485611e-02, 7.054274529218674e-02, 6.748741120100021e-02, 6.426180154085159e-02, 6.068461760878563e-02, 5.679760128259659e-02, 5.189158394932747e-02, 4.615344479680061e-02, 3.921685367822647e-02, 3.08728255331516e-02, 2.059924602508541e-02, 7.977735251188278e-03, 7.406987715512514e-03, 2.364738471806049e-02, 3.810840845108032e-02, 4.85861748456955e-02, 5.598185956478119e-02, 6.121039390563965e-02, 6.489332020282745e-02, 6.753082573413849e-02, 6.927507370710373e-02, 7.030714303255081e-02, 7.073069363832474e-02, 7.061494141817093e-02, 6.99952021241188e-02, 6.890419870615005e-02, 6.7352294921875e-02, 6.529068946838379e-02, 6.273343414068222e-02, 5.959057062864304e-02, 5.589362978935242e-02, 5.123374983668327e-02, 4.57436628639698e-02, 3.895417973399162e-02, 3.053135238587856e-02, 2.014930173754692e-02, 7.479818537831221e-03, 7.359624374657987e-03, 2.425047755241404e-02, 3.814049065113068e-02, 4.982807114720345e-02, 5.489258468151093e-02, 6.058924272656441e-02, 6.498179584741592e-02, 6.753693521022797e-02, 6.963291019201279e-02, 7.030439376831055e-02, 7.071841508150101e-02, 7.059698551893234e-02, 6.998515874147415e-02, 6.889919191598892e-02, 6.734778732061386e-02, 6.527980417013168e-02, 6.261030584573746e-02, 5.956871062517166e-02, 5.570096150040627e-02, 5.133907124400139e-02, 4.576285928487778e-02, 3.866536170244217e-02, 3.01310271024704e-02, 2.017041109502316e-02, 8.052442222833633e-03, 7.611385080963373e-03, 2.416917309165001e-02, 3.857391327619553e-02, 4.910272732377052e-02, 5.610587820410728e-02, 6.134285777807236e-02, 6.500506401062012e-02, 6.758051365613937e-02, 6.930326670408249e-02, 7.030955702066422e-02, 7.073158025741577e-02, 7.053216546773911e-02, 6.997331976890564e-02, 6.890363991260529e-02, 6.735868006944656e-02, 6.528808921575546e-02, 6.272086501121521e-02, 5.96151277422905e-02, 5.58551587164402e-02, 5.117402225732803e-02, 4.549481347203255e-02]
dooOpeClo.mBA_flow=[5.826095899122419e-14, 4.781822440236283e-07, 1.990132659557275e-06, 4.354703833087115e-06, 7.076439032971393e-06, 1.027579855872318e-05, 1.304685429204255e-05, 1.547226020193193e-05, 1.762766441970598e-05, 1.951934245880693e-05, 2.115906318067573e-05, 2.253336970170494e-05, 2.365286309213843e-05, 2.453771048749331e-05, 3.163160057738474e-03, 4.614723473787308e-02, 8.144624531269073e-02, 7.712148129940033e-02, 7.363761216402054e-02, 7.052094489336014e-02, 6.74620121717453e-02, 6.423857063055038e-02, 6.068193912506104e-02, 5.643900483846664e-02, 5.186529457569122e-02, 4.62033674120903e-02, 3.932509571313858e-02, 3.082307055592534e-02, 2.049260959029194e-02, 7.904060184955597e-03, 7.347585633397102e-03, 2.40447148680687e-02, 3.797776624560356e-02, 4.854575172066689e-02, 5.594872310757637e-02, 6.118602678179741e-02, 6.492340564727783e-02, 6.75310343503952e-02, 6.926823407411575e-02, 7.029878348112106e-02, 7.072575390338898e-02, 7.061068713665009e-02, 6.999946385622025e-02, 6.891215592622757e-02, 6.73476979136467e-02, 6.532588601112366e-02, 6.27574622631073e-02, 5.963936075568199e-02, 5.576916411519051e-02, 5.126304924488068e-02, 4.559209197759628e-02, 3.871992602944374e-02, 3.037100099027157e-02, 2.016237564384937e-02, 7.579143624752666e-03, 8.29247757792482e-03, 2.424507588148126e-02, 3.854643926024437e-02, 4.77360263466835e-02, 5.734878405928612e-02, 6.203750520944595e-02, 6.503218412399292e-02, 6.764735281467438e-02, 6.898689270019531e-02, 7.026398181915283e-02, 7.071512192487717e-02, 7.059495896100998e-02, 6.998193264007568e-02, 6.889178603887558e-02, 6.731196492910385e-02, 6.527326256036758e-02, 6.279671192169189e-02, 5.95581904053688e-02, 5.586360767483711e-02, 5.104947090148926e-02, 4.548471793532372e-02, 3.895093128085136e-02, 3.076072968542576e-02, 2.012178115546703e-02, 7.026161067187786e-03, 7.92968925088644e-03, 2.41714995354414e-02, 3.79495806992054e-02, 4.830734059214592e-02, 5.600333958864212e-02, 6.124895811080933e-02, 6.49995356798172e-02, 6.756638735532761e-02, 6.929370015859604e-02, 7.032659649848938e-02, 7.074158638715744e-02, 7.06188976764679e-02, 6.999509036540985e-02, 6.889921426773071e-02, 6.734020262956619e-02, 6.531506031751633e-02, 6.269306689500809e-02, 5.95402903854847e-02, 5.582472309470177e-02, 5.130592733621597e-02, 4.583700746297836e-02]
