last-generated=2021-09-01
statistics-initialization=
{
  "nonlinear": "1, 5, 1",
  "numerical Jacobians": "0"
}
statistics-simulation=
{
  "linear": " ",
  "nonlinear": "5, 0, 1, 1, 0",
  "number of continuous time states": "23",
  "numerical Jacobians": "0"
}
time=[0e+00, 6.048e+05]
buiCoo.maxTSet.y=[2.971499938964844e+02, 2.971499938964844e+02]
buiCoo.minTSet.y=[2.931499938964844e+02, 2.931499938964844e+02]
buiCoo.terUniCoo.TLoaODE.TAir=[2.931499938964844e+02, 2.970110473632812e+02, 2.971451416015625e+02, 2.971498413085938e+02, 2.971499938964844e+02, 2.971499938964844e+02, 2.971499938964844e+02, 2.971499938964844e+02, 2.971499938964844e+02, 2.971499938964844e+02, 2.971499938964844e+02, 2.971499938964844e+02, 2.971499938964844e+02, 2.971499938964844e+02, 2.971499938964844e+02, 2.971499938964844e+02, 2.971499938964844e+02, 2.971499938964844e+02, 2.971499938964844e+02, 2.971499938964844e+02, 2.971499938964844e+02, 2.971499938964844e+02, 2.971499938964844e+02, 2.971499938964844e+02, 2.971499938964844e+02, 2.971499938964844e+02, 2.971499938964844e+02, 2.971499938964844e+02, 2.971499938964844e+02, 2.971499938964844e+02, 2.971499938964844e+02, 2.971499938964844e+02, 2.971499938964844e+02, 2.971499938964844e+02, 2.971499938964844e+02, 2.971499938964844e+02, 2.971499938964844e+02, 2.971499938964844e+02, 2.971499938964844e+02, 2.971499938964844e+02, 2.971499938964844e+02, 2.971499938964844e+02, 2.971499938964844e+02, 2.971499938964844e+02, 2.971499938964844e+02, 2.971499938964844e+02, 2.971499938964844e+02, 2.971499938964844e+02, 2.971499938964844e+02, 2.971499938964844e+02, 2.971499938964844e+02, 2.971499938964844e+02, 2.971499938964844e+02, 2.971499938964844e+02, 2.971499938964844e+02, 2.971499938964844e+02, 2.971499938964844e+02, 2.971499938964844e+02, 2.971499938964844e+02, 2.971499938964844e+02, 2.971499938964844e+02, 2.971499938964844e+02, 2.971499938964844e+02, 2.971499938964844e+02, 2.971499938964844e+02, 2.971499938964844e+02, 2.971499938964844e+02, 2.971499938964844e+02, 2.971499938964844e+02, 2.971499938964844e+02, 2.971499938964844e+02, 2.971499938964844e+02, 2.971499938964844e+02, 2.971499938964844e+02, 2.971499938964844e+02, 2.971499938964844e+02, 2.971499938964844e+02, 2.971499938964844e+02, 2.971499938964844e+02, 2.971499938964844e+02, 2.971499938964844e+02, 2.971499938964844e+02, 2.971499938964844e+02, 2.971499938964844e+02, 2.971499938964844e+02, 2.971499938964844e+02, 2.971499938964844e+02, 2.971499938964844e+02, 2.971499938964844e+02, 2.971499938964844e+02, 2.971499938964844e+02, 2.971499938964844e+02, 2.971499938964844e+02, 2.971499938964844e+02, 2.971499938964844e+02, 2.971499938964844e+02, 2.971499938964844e+02, 2.971499938964844e+02, 2.971499938964844e+02, 2.971499938964844e+02, 2.971499938964844e+02]
buiHea.terUniHea.TLoaODE.TAir=[2.931499938964844e+02, 2.931378784179688e+02, 2.931414794921875e+02, 2.931425476074219e+02, 2.9311328125e+02, 2.93224365234375e+02, 2.931625366210938e+02, 2.929876098632812e+02, 2.932697448730469e+02, 2.931513671875e+02, 2.929624633789062e+02, 2.931746826171875e+02, 2.931338500976562e+02, 2.933257751464844e+02, 2.931386413574219e+02, 2.931373901367188e+02, 2.931397094726562e+02, 2.931433715820312e+02, 2.930346984863281e+02, 2.933508605957031e+02, 2.931679382324219e+02, 2.931167602539062e+02, 2.931760559082031e+02, 2.931775207519531e+02, 2.930703430175781e+02, 2.931542663574219e+02, 2.93139892578125e+02, 2.932224731445312e+02, 2.931419677734375e+02, 2.931388549804688e+02, 2.931402587890625e+02, 2.931425170898438e+02, 2.929382019042969e+02, 2.932743225097656e+02, 2.931717529296875e+02, 2.931801147460938e+02, 2.931159057617188e+02, 2.932554321289062e+02, 2.931380310058594e+02, 2.931067504882812e+02, 2.931618041992188e+02, 2.931342468261719e+02, 2.931806945800781e+02, 2.931354675292969e+02, 2.931336975097656e+02, 2.931376953125e+02, 2.930828247070312e+02, 2.931361083984375e+02, 2.931820678710938e+02, 2.93156005859375e+02, 2.929791564941406e+02, 2.93341064453125e+02, 2.931432189941406e+02, 2.929790344238281e+02, 2.931804504394531e+02, 2.931330871582031e+02, 2.933066711425781e+02, 2.931391906738281e+02, 2.931410217285156e+02, 2.931480102539062e+02, 2.931473388671875e+02, 2.930716857910156e+02, 2.932985229492188e+02, 2.931525268554688e+02, 2.929912414550781e+02, 2.932024841308594e+02, 2.931609802246094e+02, 2.929679565429688e+02, 2.931588439941406e+02, 2.931431274414062e+02, 2.933374633789062e+02, 2.931430053710938e+02, 2.93149658203125e+02, 2.931412353515625e+02, 2.93143798828125e+02, 2.929225463867188e+02, 2.933833618164062e+02, 2.931571044921875e+02, 2.931522216796875e+02, 2.931221923828125e+02, 2.932373962402344e+02, 2.931365661621094e+02, 2.931164245605469e+02, 2.931584167480469e+02, 2.931542053222656e+02, 2.931607666015625e+02, 2.931454162597656e+02, 2.931417541503906e+02, 2.931451416015625e+02, 2.929677734375e+02, 2.931919860839844e+02, 2.931678161621094e+02, 2.931490783691406e+02, 2.930128784179688e+02, 2.934043579101562e+02, 2.931493225097656e+02, 2.930279235839844e+02, 2.931862182617188e+02, 2.931383666992188e+02, 2.932507629394531e+02, 2.931410217285156e+02]
supChiWat.T_in=[2.801499938964844e+02, 2.801499938964844e+02]
buiCoo.terUniCoo.T_aChiWat_nominal=[2.801499938964844e+02, 2.801499938964844e+02]
buiCoo.terUniCoo.QReqCoo_flow=[0e+00, 0e+00, 0e+00, 0e+00, 0e+00, 0e+00, 0e+00, 0e+00, 0e+00, 0e+00, 0e+00, 0e+00, 0e+00, 0e+00, 0e+00, 0e+00, 0e+00, 0e+00, 0e+00, 0e+00, 0e+00, 0e+00, 0e+00, 0e+00, 0e+00, 0e+00, 0e+00, 0e+00, 0e+00, 0e+00, 0e+00, 0e+00, 0e+00, 0e+00, 0e+00, 0e+00, 0e+00, 0e+00, 0e+00, 0e+00, 0e+00, 0e+00, 0e+00, 0e+00, 0e+00, 0e+00, 0e+00, 0e+00, 0e+00, 0e+00, 0e+00, 0e+00, 0e+00, 0e+00, 0e+00, 0e+00, 0e+00, 0e+00, 0e+00, 0e+00, 0e+00, 0e+00, 0e+00, 0e+00, 0e+00, 0e+00, 0e+00, 0e+00, 0e+00, 0e+00, 0e+00, 0e+00, 0e+00, 0e+00, 0e+00, 0e+00, 0e+00, 0e+00, 0e+00, 0e+00, 0e+00, 0e+00, 0e+00, 0e+00, 0e+00, 0e+00, 0e+00, 0e+00, 0e+00, 0e+00, 0e+00, 0e+00, 0e+00, 0e+00, 0e+00, 0e+00, 0e+00, 0e+00, 0e+00, 0e+00, 0e+00]
buiCoo.terUniCoo.QActCoo_flow=[-0e+00, -0e+00, -0e+00, -0e+00, -0e+00, -0e+00, -0e+00, 0e+00, -0e+00, -0e+00, -0e+00, -0e+00, -0e+00, -0e+00, 0e+00, -0e+00, -0e+00, 0e+00, -0e+00, -0e+00, -0e+00, -0e+00, -0e+00, -0e+00, -0e+00, -0e+00, -0e+00, -0e+00, 0e+00, -0e+00, -0e+00, -0e+00, -0e+00, -0e+00, 0e+00, -0e+00, -0e+00, -0e+00, -0e+00, -0e+00, -0e+00, 0e+00, -0e+00, -0e+00, -0e+00, -0e+00, -0e+00, -0e+00, -0e+00, -0e+00, -0e+00, -0e+00, -0e+00, -0e+00, -0e+00, -0e+00, 0e+00, 0e+00, -0e+00, -0e+00, -0e+00, -0e+00, -0e+00, -0e+00, -0e+00, -0e+00, -0e+00, -0e+00, 0e+00, 0e+00, -0e+00, -0e+00, -0e+00, -0e+00, -0e+00, -0e+00, -0e+00, -0e+00, -0e+00, -0e+00, -0e+00, 0e+00, 0e+00, -0e+00, -0e+00, -0e+00, -0e+00, -0e+00, -0e+00, -0e+00, -0e+00, -0e+00, -0e+00, -0e+00, -0e+00, -0e+00, -0e+00, -0e+00, -0e+00, -0e+00, -0e+00]
buiCoo.disFloCoo.mReq_flow[1]=[1.401298464324817e-45, 1.401298464324817e-45, 1.401298464324817e-45, 1.401298464324817e-45, 2.758031602851253e-14, 2.758029569972179e-14, 2.758029569972179e-14, 2.758029569972179e-14, 2.758029569972179e-14, 2.758029569972179e-14, 2.758029569972179e-14, 2.758029569972179e-14, 2.758029569972179e-14, 2.758029569972179e-14, 2.758029569972179e-14, 2.755485760624985e-14, 2.755485760624985e-14, 2.755485760624985e-14, 2.755485760624985e-14, 2.755485760624985e-14, 2.755485760624985e-14, 2.755485760624985e-14, 2.755485760624985e-14, 1.763000315668176e-14, 1.763000146261587e-14, 1.763000146261587e-14, 1.763000146261587e-14, 1.763000146261587e-14, 1.763000146261587e-14, 1.558523682288968e-14, 1.519906094970928e-14, 1.39952187615559e-14, 1.398807827381054e-14, 1.398807827381054e-14, 1.398807827381054e-14, 1.398807827381054e-14, 1.398807827381054e-14, 1.398807827381054e-14, 1.398807827381054e-14, 1.398858141138121e-14, 1.398858141138121e-14, 1.401586095448049e-14, 1.401586095448049e-14, 1.401586095448049e-14, 1.401586095448049e-14, 1.401586095448049e-14, 1.401585841338164e-14, 1.401585841338164e-14, 1.401585841338164e-14, 1.401585841338164e-14, 1.401585841338164e-14, 1.40158575663487e-14, 1.40158575663487e-14, 1.40158575663487e-14, 1.40085442838821e-14, 1.40085442838821e-14, 1.40085442838821e-14, 1.40085442838821e-14, 1.40085442838821e-14, 1.40085442838821e-14, 1.40085442838821e-14, 1.40085442838821e-14, 1.40085442838821e-14, 1.400447767870234e-14, 1.400447429057055e-14, 1.400447429057055e-14, 1.400447429057055e-14, 1.400447429057055e-14, 1.431506348463681e-14, 1.431506348463681e-14, 1.431506348463681e-14, 1.431506348463681e-14, 1.431506348463681e-14, 1.421356522063322e-14, 1.421367025271868e-14, 1.421367025271868e-14, 1.421367025271868e-14, 1.421367025271868e-14, 1.421367025271868e-14, 1.421367025271868e-14, 1.421362451293953e-14, 1.421362451293953e-14, 1.421362451293953e-14, 1.421362451293953e-14, 1.421362451293953e-14, 1.421362451293953e-14, 1.421362451293953e-14, 1.421362451293953e-14, 1.421362451293953e-14, 1.421362451293953e-14, 1.421362451293953e-14, 1.421362451293953e-14, 1.421362451293953e-14, 1.421362451293953e-14, 1.421362790107131e-14, 1.421362790107131e-14, 1.421362790107131e-14, 1.421362790107131e-14, 1.421362790107131e-14, 1.421362790107131e-14, 1.421362790107131e-14]
buiCoo.disFloCoo.mAct_flow[1].y=[1.401298464324817e-45, 1.401298464324817e-45, 1.401298464324817e-45, 1.401298464324817e-45, 2.758031602851253e-14, 2.758029569972179e-14, 2.758029569972179e-14, 2.758029569972179e-14, 2.758029569972179e-14, 2.758029569972179e-14, 2.758029569972179e-14, 2.758029569972179e-14, 2.758029569972179e-14, 2.758029569972179e-14, 2.758029569972179e-14, 2.755485760624985e-14, 2.755485760624985e-14, 2.755485760624985e-14, 2.755485760624985e-14, 2.755485760624985e-14, 2.755485760624985e-14, 2.755485760624985e-14, 2.755485760624985e-14, 1.763000315668176e-14, 1.763000146261587e-14, 1.763000146261587e-14, 1.763000146261587e-14, 1.763000146261587e-14, 1.763000146261587e-14, 1.558523682288968e-14, 1.519906094970928e-14, 1.39952187615559e-14, 1.398807827381054e-14, 1.398807827381054e-14, 1.398807827381054e-14, 1.398807827381054e-14, 1.398807827381054e-14, 1.398807827381054e-14, 1.398807827381054e-14, 1.398858141138121e-14, 1.398858141138121e-14, 1.401586095448049e-14, 1.401586095448049e-14, 1.401586095448049e-14, 1.401586095448049e-14, 1.401586095448049e-14, 1.401585841338164e-14, 1.401585841338164e-14, 1.401585841338164e-14, 1.401585841338164e-14, 1.401585841338164e-14, 1.40158575663487e-14, 1.40158575663487e-14, 1.40158575663487e-14, 1.40085442838821e-14, 1.40085442838821e-14, 1.40085442838821e-14, 1.40085442838821e-14, 1.40085442838821e-14, 1.40085442838821e-14, 1.40085442838821e-14, 1.40085442838821e-14, 1.40085442838821e-14, 1.400447767870234e-14, 1.400447429057055e-14, 1.400447429057055e-14, 1.400447429057055e-14, 1.400447429057055e-14, 1.431506348463681e-14, 1.431506348463681e-14, 1.431506348463681e-14, 1.431506348463681e-14, 1.431506348463681e-14, 1.421356522063322e-14, 1.421367025271868e-14, 1.421367025271868e-14, 1.421367025271868e-14, 1.421367025271868e-14, 1.421367025271868e-14, 1.421367025271868e-14, 1.421362451293953e-14, 1.421362451293953e-14, 1.421362451293953e-14, 1.421362451293953e-14, 1.421362451293953e-14, 1.421362451293953e-14, 1.421362451293953e-14, 1.421362451293953e-14, 1.421362451293953e-14, 1.421362451293953e-14, 1.421362451293953e-14, 1.421362451293953e-14, 1.421362451293953e-14, 1.421362451293953e-14, 1.421362790107131e-14, 1.421362790107131e-14, 1.421362790107131e-14, 1.421362790107131e-14, 1.421362790107131e-14, 1.421362790107131e-14, 1.421362790107131e-14]
buiCoo.disFloCoo.m_flow_nominal=[7.024856567382812e+00, 7.024856567382812e+00]
buiCoo.loa.y[1]=[0e+00, 0e+00, 0e+00, 0e+00, 0e+00, 0e+00, 0e+00, 0e+00, 0e+00, 0e+00, 0e+00, 0e+00, 0e+00, 0e+00, 0e+00, 0e+00, 0e+00, 0e+00, 0e+00, 0e+00, 0e+00, 0e+00, 0e+00, 0e+00, 0e+00, 0e+00, 0e+00, 0e+00, 0e+00, 0e+00, 0e+00, 0e+00, 0e+00, 0e+00, 0e+00, 0e+00, 0e+00, 0e+00, 0e+00, 0e+00, 0e+00, 0e+00, 0e+00, 0e+00, 0e+00, 0e+00, 0e+00, 0e+00, 0e+00, 0e+00, 0e+00, 0e+00, 0e+00, 0e+00, 0e+00, 0e+00, 0e+00, 0e+00, 0e+00, 0e+00, 0e+00, 0e+00, 0e+00, 0e+00, 0e+00, 0e+00, 0e+00, 0e+00, 0e+00, 0e+00, 0e+00, 0e+00, 0e+00, 0e+00, 0e+00, 0e+00, 0e+00, 0e+00, 0e+00, 0e+00, 0e+00, 0e+00, 0e+00, 0e+00, 0e+00, 0e+00, 0e+00, 0e+00, 0e+00, 0e+00, 0e+00, 0e+00, 0e+00, 0e+00, 0e+00, 0e+00, 0e+00, 0e+00, 0e+00, 0e+00, 0e+00]
buiCoo.QCoo_flow_nominal=[-1.4696e+05, -1.4696e+05]
supHeaWat.T_in=[3.131499938964844e+02, 3.131499938964844e+02]
buiHea.terUniHea.T_aHeaWat_nominal=[3.131499938964844e+02, 3.131499938964844e+02]
buiHea.terUniHea.QReqHea_flow=[1.823e+04, 1.9166904296875e+04, 2.3183625e+04, 2.61755859375e+04, 7.74650703125e+04, 2.5307759765625e+04, 2.3810955078125e+04, 5.860314453125004e+04, 3.583986328125e+04, 1.47858388671875e+04, 6.1009578125e+04, 5.46262421875e+04, 5.7369484375e+04, 1.648243359375e+04, 2.303720507812501e+04, 2.839984375e+04, 3.308358203125e+04, 3.641284375000001e+04, 8.817546875e+04, 3.60429609375e+04, 3.44023828125e+04, 3.492191015625e+04, 5.761500390625e+04, 1.32938994140625e+04, 3.30650390625e+04, 6.206e+04, 5.79527890625e+04, 4.8849328125e+04, 2.390453320312503e+04, 2.9071302734375e+04, 3.348101953125e+04, 3.675559765625e+04, 8.4768375e+04, 6.5100796875e+04, 3.434975390624995e+04, 2.0915212890625e+04, 5.68405234375e+04, 3.118868408203125e+03, 9.9768876953125e+03, 5.671216015625e+04, 4.592536328125e+04, 5.472299218749998e+04, 1.38582802734375e+04, 2.267275e+04, 2.9603423828125e+04, 3.510576953125e+04, 4.939738671875e+04, 8.882746875e+04, 4.106209375e+04, 4.09918828125e+04, 8.879e+04, 4.05102421875e+04, 3.74203671875e+04, 9.1466984375e+04, 7.9560734375e+04, 8.49035078125e+04, 3.396172265625014e+04, 4.538020703124996e+04, 4.98362421875e+04, 5.0819265625e+04, 5.21085859375e+04, 1.085195e+05, 4.795008984375e+04, 5.295652734375e+04, 8.2708296875e+04, 9.3111125e+04, 4.887903515625e+04, 8.63100078125e+04, 1.022649218749998e+05, 9.784197656249994e+04, 6.3354078125e+04, 5.49254921875e+04, 5.500849609375e+04, 5.857159765625e+04, 6.142234375e+04, 1.2508e+05, 7.23245078125e+04, 6.315011328125e+04, 6.205686328125e+04, 1.1564365625e+05, 5.230916015625e+04, 6.072353125000106e+04, 1.158878515625001e+05, 1.0466771875e+05, 1.072193359375e+05, 5.74762734375e+04, 6.05759375e+04, 6.353008984375e+04, 6.624284375e+04, 1.005386953125e+05, 1.1654946875e+05, 6.6385203125e+04, 6.747103125e+04, 1.278174375e+05, 4.773111328125e+04, 5.285979296875e+04, 1.124612890625e+05, 9.6887234375e+04, 1.02459359375e+05, 4.658624609375e+04, 5.609e+04]
buiHea.terUniHea.QActHea_flow=[-0e+00, 1.9075630859375e+04, 2.3131345703125e+04, 2.5959259765625e+04, 7.759859375e+04, 2.5226267578125e+04, 2.3887451171875e+04, 5.721396484375004e+04, 3.761980859375e+04, 1.47140556640625e+04, 5.964379296875e+04, 5.489201171875e+04, 5.72641875e+04, 1.758440234375e+04, 2.295781250000001e+04, 2.831501953125e+04, 3.30197890625e+04, 3.637660156250001e+04, 8.81151015625e+04, 3.68945625e+04, 3.4565828125e+04, 3.368720703125e+04, 5.812119140625e+04, 1.30935390625e+04, 3.1457908203125e+04, 6.22688203125e+04, 5.776328515625e+04, 5.05428203125e+04, 2.377992773437503e+04, 2.899916015625e+04, 3.342366015625e+04, 3.67133671875e+04, 8.30037109375e+04, 6.72076015625e+04, 3.442521484374995e+04, 2.104601953125e+04, 5.717347265625e+04, 3.08236572265625e+03, 9.818921875e+03, 5.696948828125e+04, 4.5827125e+04, 5.467449609374998e+04, 1.35988515625e+04, 2.256871875e+04, 2.949937890625e+04, 3.503056640625e+04, 4.775521484375e+04, 8.9014109375e+04, 4.08645078125e+04, 4.104571484375e+04, 8.85196171875e+04, 4.22635e+04, 3.736545703125e+04, 9.1368234375e+04, 7.9807484375e+04, 8.47824921875e+04, 3.393257031250012e+04, 4.531270703124996e+04, 4.97937734375e+04, 5.0802265625e+04, 5.20860390625e+04, 1.085820859375e+05, 4.787108203125e+04, 5.296359765625e+04, 8.0370125e+04, 9.4651359375e+04, 4.870371484375e+04, 8.39456640625e+04, 1.025863281249998e+05, 9.775301562499994e+04, 6.56550625e+04, 5.491934765625e+04, 5.500759375e+04, 5.851398828125e+04, 6.139534375e+04, 1.2470003125e+05, 7.463265625e+04, 6.31705703125e+04, 6.188919140625e+04, 1.16004453125e+05, 5.20965e+04, 6.014755468750097e+04, 1.160896250000001e+05, 1.04548046875e+05, 1.080363046875e+05, 5.72063671875e+04, 6.05461796875e+04, 6.346414453125e+04, 6.622315625e+04, 9.78782421875e+04, 1.181986484375e+05, 6.6251859375e+04, 6.74625390625e+04, 1.28011296875e+05, 4.8677078125e+04, 5.28166484375e+04, 1.12538234375e+05, 9.698446875e+04, 1.0239178125e+05, 4.634576171875e+04, 5.601899609375e+04]
buiHea.disFloHea.mReq_flow[1]=[8.71414914727211e-02, 8.187192678451538e-01, 1.000316619873047e+00, 1.127879023551941e+00, 3.55516505241394e+00, 1.099463582038879e+00, 1.035465002059937e+00, 2.5582811832428e+00, 1.672039985656738e+00, 6.254058480262756e-01, 2.6694655418396e+00, 2.473285913467407e+00, 2.580419063568115e+00, 7.599453926086426e-01, 9.9237871170044e-01, 1.234324216842651e+00, 1.449117541313171e+00, 1.60365903377533e+00, 4.053264141082764e+00, 1.645417809486389e+00, 1.522290945053101e+00, 1.477965593338013e+00, 2.627006530761719e+00, 5.538859963417053e-01, 1.372706413269043e+00, 2.822000026702881e+00, 2.604972124099731e+00, 2.273130655288696e+00, 1.029518842697145e+00, 1.265513181686401e+00, 1.467671632766724e+00, 1.619109749794006e+00, 3.783932209014893e+00, 3.078778982162476e+00, 1.516128301620481e+00, 9.086324572563171e-01, 2.573654890060425e+00, 1.225250586867332e-01, 4.06428188085556e-01, 2.562780141830444e+00, 2.044398546218872e+00, 2.457651376724242e+00, 5.765842795372009e-01, 9.747397899627686e-01, 1.287915945053101e+00, 1.54124116897583e+00, 2.125948905944824e+00, 4.119720935821533e+00, 1.814898729324341e+00, 1.820837259292603e+00, 4.061167240142822e+00, 1.895887970924377e+00, 1.649248719215393e+00, 4.20074462890625e+00, 3.676010131835938e+00, 3.910533666610718e+00, 1.504031181335455e+00, 2.017924070358275e+00, 2.228166341781616e+00, 2.27647066116333e+00, 2.336936950683594e+00, 5.080071926116943e+00, 2.155770063400269e+00, 2.379040718078613e+00, 3.666570901870728e+00, 4.414953231811523e+00, 2.179234027862549e+00, 3.835542917251587e+00, 4.801649570465078e+00, 4.555484771728513e+00, 3.013752698898315e+00, 2.470388650894165e+00, 2.475440740585327e+00, 2.640875101089478e+00, 2.77867603302002e+00, 5.852327823638916e+00, 3.460738658905029e+00, 2.865631580352783e+00, 2.803537607192993e+00, 5.470767498016357e+00, 2.348596572875977e+00, 2.718062639236496e+00, 5.47334480285645e+00, 4.900289535522461e+00, 5.075265407562256e+00, 2.581352710723877e+00, 2.738349437713623e+00, 2.877361297607422e+00, 3.01031231880188e+00, 4.519099235534668e+00, 5.604131698608398e+00, 3.01533842086792e+00, 3.070608377456665e+00, 6.051092624664307e+00, 2.206273555755615e+00, 2.37171459197998e+00, 5.267389297485352e+00, 4.527639389038086e+00, 4.786565780639648e+00, 2.078416585922241e+00, 2.522268056869507e+00]
buiHea.disFloHea.mAct_flow[1].y=[8.71414914727211e-02, 8.187192678451538e-01, 1.000316619873047e+00, 1.127879023551941e+00, 3.55516505241394e+00, 1.099463582038879e+00, 1.035465002059937e+00, 2.5582811832428e+00, 1.672039985656738e+00, 6.254058480262756e-01, 2.6694655418396e+00, 2.473285913467407e+00, 2.580419063568115e+00, 7.599453926086426e-01, 9.9237871170044e-01, 1.234324216842651e+00, 1.449117541313171e+00, 1.60365903377533e+00, 4.053264141082764e+00, 1.645417809486389e+00, 1.522290945053101e+00, 1.477965593338013e+00, 2.627006530761719e+00, 5.538859963417053e-01, 1.372706413269043e+00, 2.822000026702881e+00, 2.604972124099731e+00, 2.273130655288696e+00, 1.029518842697145e+00, 1.265513181686401e+00, 1.467671632766724e+00, 1.619109749794006e+00, 3.783932209014893e+00, 3.078778982162476e+00, 1.516128301620481e+00, 9.086324572563171e-01, 2.573654890060425e+00, 1.225250586867332e-01, 4.06428188085556e-01, 2.562780141830444e+00, 2.044398546218872e+00, 2.457651376724242e+00, 5.765842795372009e-01, 9.747397899627686e-01, 1.287915945053101e+00, 1.54124116897583e+00, 2.125948905944824e+00, 4.119720935821533e+00, 1.814898729324341e+00, 1.820837259292603e+00, 4.061167240142822e+00, 1.895887970924377e+00, 1.649248719215393e+00, 4.20074462890625e+00, 3.676010131835938e+00, 3.910533666610718e+00, 1.504031181335455e+00, 2.017924070358275e+00, 2.228166341781616e+00, 2.27647066116333e+00, 2.336936950683594e+00, 5.080071926116943e+00, 2.155770063400269e+00, 2.379040718078613e+00, 3.666570901870728e+00, 4.414953231811523e+00, 2.179234027862549e+00, 3.835542917251587e+00, 4.801649570465078e+00, 4.555484771728513e+00, 3.013752698898315e+00, 2.470388650894165e+00, 2.475440740585327e+00, 2.640875101089478e+00, 2.77867603302002e+00, 5.852327823638916e+00, 3.460738658905029e+00, 2.865631580352783e+00, 2.803537607192993e+00, 5.470767498016357e+00, 2.348596572875977e+00, 2.718062639236496e+00, 5.47334480285645e+00, 4.900289535522461e+00, 5.075265407562256e+00, 2.581352710723877e+00, 2.738349437713623e+00, 2.877361297607422e+00, 3.01031231880188e+00, 4.519099235534668e+00, 5.604131698608398e+00, 3.01533842086792e+00, 3.070608377456665e+00, 6.051092624664307e+00, 2.206273555755615e+00, 2.37171459197998e+00, 5.267389297485352e+00, 4.527639389038086e+00, 4.786565780639648e+00, 2.078416585922241e+00, 2.522268056869507e+00]
buiHea.disFloHea.m_flow_nominal=[8.015774726867676e+00, 8.015774726867676e+00]
buiHea.loa.y[2]=[1.823e+04, 1.9166904296875e+04, 2.3183625e+04, 2.61755859375e+04, 7.74650703125e+04, 2.5307759765625e+04, 2.3810955078125e+04, 5.860314453125004e+04, 3.583986328125e+04, 1.47858388671875e+04, 6.1009578125e+04, 5.46262421875e+04, 5.7369484375e+04, 1.648243359375e+04, 2.303720507812501e+04, 2.839984375e+04, 3.308358203125e+04, 3.641284375000001e+04, 8.817546875e+04, 3.60429609375e+04, 3.44023828125e+04, 3.492191015625e+04, 5.761500390625e+04, 1.32938994140625e+04, 3.30650390625e+04, 6.206e+04, 5.79527890625e+04, 4.8849328125e+04, 2.390453320312503e+04, 2.9071302734375e+04, 3.348101953125e+04, 3.675559765625e+04, 8.4768375e+04, 6.5100796875e+04, 3.434975390624995e+04, 2.0915212890625e+04, 5.68405234375e+04, 3.118868408203125e+03, 9.9768876953125e+03, 5.671216015625e+04, 4.592536328125e+04, 5.472299218749998e+04, 1.38582802734375e+04, 2.267275e+04, 2.9603423828125e+04, 3.510576953125e+04, 4.939738671875e+04, 8.882746875e+04, 4.106209375e+04, 4.09918828125e+04, 8.879e+04, 4.05102421875e+04, 3.74203671875e+04, 9.1466984375e+04, 7.9560734375e+04, 8.49035078125e+04, 3.396172265625014e+04, 4.538020703124996e+04, 4.98362421875e+04, 5.0819265625e+04, 5.21085859375e+04, 1.085195e+05, 4.795008984375e+04, 5.295652734375e+04, 8.2708296875e+04, 9.3111125e+04, 4.887903515625e+04, 8.63100078125e+04, 1.022649218749998e+05, 9.784197656249994e+04, 6.3354078125e+04, 5.49254921875e+04, 5.500849609375e+04, 5.857159765625e+04, 6.142234375e+04, 1.2508e+05, 7.23245078125e+04, 6.315011328125e+04, 6.205686328125e+04, 1.1564365625e+05, 5.230916015625e+04, 6.072353125000106e+04, 1.158878515625001e+05, 1.0466771875e+05, 1.072193359375e+05, 5.74762734375e+04, 6.05759375e+04, 6.353008984375e+04, 6.624284375e+04, 1.005386953125e+05, 1.1654946875e+05, 6.6385203125e+04, 6.747103125e+04, 1.278174375e+05, 4.773111328125e+04, 5.285979296875e+04, 1.124612890625e+05, 9.6887234375e+04, 1.02459359375e+05, 4.658624609375e+04, 5.609e+04]
buiHea.QHea_flow_nominal=[1.6769e+05, 1.6769e+05]
EHeaReq.y=[0e+00, 1.08552816e+08, 2.37646256e+08, 3.86163136e+08, 7.771184e+08, 1.068273024e+09, 1.224275328e+09, 1.399771136e+09, 1.754159488e+09, 1.8431552e+09, 1.997905152e+09, 2.36970624e+09, 2.695138048e+09, 2.995574784e+09, 3.105917696e+09, 3.261238272e+09, 3.44799872e+09, 3.659350272e+09, 4.019803904e+09, 4.474230784e+09, 4.6912512e+09, 4.873641984e+09, 5.239412736e+09, 5.387947008e+09, 5.499185664e+09, 5.871817216e+09, 6.216342016e+09, 6.580972544e+09, 6.719826944000001e+09, 6.881005056e+09, 7.07073792e+09, 7.28347136e+09, 7.56565248e+09, 8.096234496e+09, 8.329243648000001e+09, 8.496333312e+09, 8.7586304e+09, 8.945016832e+09, 8.983646208e+09, 9.230205952e+09, 9.530375168e+09, 9.838751743999998e+09, 1.0002629632e+10, 1.0118309888e+10, 1.0276189184e+10, 1.0472732672e+10, 1.070061568e+10, 1.1209949184e+10, 1.1536464896e+10, 1.17904896e+10, 1.2121233408e+10, 1.2583962624e+10, 1.2787053568e+10, 1.3125235712e+10, 1.3650382848e+10, 1.414033408e+10, 1.4552015872e+10, 1.4800667648e+10, 1.5090048e+10, 1.539528704e+10, 1.5706935296e+10, 1.6224396288e+10, 1.6727390208e+10, 1.7041537024e+10, 1.7381920768e+10, 1.8007158784e+10, 1.8335029248e+10, 1.8669459456e+10, 1.930670899200001e+10, 1.9893092352e+10, 2.0463169536e+10, 2.0768704512e+10, 2.1101248512e+10, 2.144391168e+10, 2.1807572992e+10, 2.2297206784e+10, 2.2986227712e+10, 2.3359107072e+10, 2.373648384e+10, 2.4365484032e+10, 2.4839272448e+10, 2.518436864e+10, 2.581404057599999e+10, 2.6467387392e+10, 2.7119040512e+10, 2.751138816e+10, 2.7871584256e+10, 2.8245733376e+10, 2.864008192e+10, 2.9066614784e+10, 2.9822128128e+10, 3.0265387008e+10, 3.0671392768e+10, 3.1243976704e+10, 3.1840739328e+10, 3.2143675392e+10, 3.2636225536e+10, 3.3272854528e+10, 3.3875427328e+10, 3.4326616064e+10, 3.4647625728e+10]
EHeaAct.y=[0e+00, 1.06840968e+08, 2.35554112e+08, 3.83805792e+08, 7.6967968e+08, 1.06597376e+09, 1.222108416e+09, 1.394433152e+09, 1.75064384e+09, 1.84184768e+09, 1.992334336e+09, 2.364529408e+09, 2.689741056e+09, 2.99397376e+09, 3.10384256e+09, 3.258656768e+09, 3.44496768e+09, 3.655995648e+09, 4.011325184e+09, 4.470780416e+09, 4.688065024e+09, 4.870562816e+09, 5.23391232e+09, 5.3867904e+09, 5.49633024e+09, 5.865911808e+09, 6.210893824e+09, 6.576200192e+09, 6.717673984000001e+09, 6.878358016e+09, 7.067667968e+09, 7.28008448e+09, 7.557753856e+09, 8.089772544e+09, 8.326071296000001e+09, 8.494431232e+09, 8.753243136e+09, 8.944760832e+09, 8.982797312e+09, 9.22484224e+09, 9.526099968e+09, 9.833611263999998e+09, 1.0001425408e+10, 1.0116272128e+10, 1.0273496064e+10, 1.046950912e+10, 1.0696184832e+10, 1.1201329152e+10, 1.1532669952e+10, 1.1786679296e+10, 1.2112739328e+10, 1.257997824e+10, 1.2783603712e+10, 1.3116448768e+10, 1.364269056e+10, 1.4132154368e+10, 1.4548870144e+10, 1.4796447744e+10, 1.5085386752e+10, 1.539052544e+10, 1.570204672e+10, 1.6213768192e+10, 1.6722880512e+10, 1.703655936e+10, 1.7374273536e+10, 1.7997907968e+10, 1.8330472448e+10, 1.8661459968e+10, 1.929665945600001e+10, 1.9883563008e+10, 2.0456841216e+10, 2.0763537408e+10, 2.1096071168e+10, 2.1438386176e+10, 2.1801760768e+10, 2.2284967936e+10, 2.2978965504e+10, 2.3353112576e+10, 2.3730620416e+10, 2.4354035712e+10, 2.4834361344e+10, 2.5178689536e+10, 2.580258815999999e+10, 2.6457137152e+10, 2.710841344e+10, 2.750599168e+10, 2.7865856e+10, 2.8239714304e+10, 2.863378432e+10, 2.905718784e+10, 2.9810386944e+10, 3.0259081216e+10, 3.066497024e+10, 3.1231315968e+10, 3.1836114944e+10, 3.2138715136e+10, 3.2625205248e+10, 3.326338048e+10, 3.3865414656e+10, 3.4322270208e+10, 3.464235008e+10]
ECooReq.y=[0e+00, 0e+00, 0e+00, 0e+00, 0e+00, 0e+00, 0e+00, 0e+00, 0e+00, 0e+00, 0e+00, 0e+00, 0e+00, 0e+00, 0e+00, 0e+00, 0e+00, 0e+00, 0e+00, 0e+00, 0e+00, 0e+00, 0e+00, 0e+00, 0e+00, 0e+00, 0e+00, 0e+00, 0e+00, 0e+00, 0e+00, 0e+00, 0e+00, 0e+00, 0e+00, 0e+00, 0e+00, 0e+00, 0e+00, 0e+00, 0e+00, 0e+00, 0e+00, 0e+00, 0e+00, 0e+00, 0e+00, 0e+00, 0e+00, 0e+00, 0e+00, 0e+00, 0e+00, 0e+00, 0e+00, 0e+00, 0e+00, 0e+00, 0e+00, 0e+00, 0e+00, 0e+00, 0e+00, 0e+00, 0e+00, 0e+00, 0e+00, 0e+00, 0e+00, 0e+00, 0e+00, 0e+00, 0e+00, 0e+00, 0e+00, 0e+00, 0e+00, 0e+00, 0e+00, 0e+00, 0e+00, 0e+00, 0e+00, 0e+00, 0e+00, 0e+00, 0e+00, 0e+00, 0e+00, 0e+00, 0e+00, 0e+00, 0e+00, 0e+00, 0e+00, 0e+00, 0e+00, 0e+00, 0e+00, 0e+00, 0e+00]
ECooAct.y=[0e+00, 0e+00, 0e+00, 0e+00, 0e+00, 0e+00, 0e+00, 0e+00, 0e+00, 0e+00, 0e+00, 0e+00, 0e+00, 0e+00, 0e+00, 0e+00, 0e+00, 0e+00, 0e+00, 0e+00, 0e+00, 0e+00, 0e+00, 0e+00, 0e+00, 0e+00, 0e+00, 0e+00, 0e+00, 0e+00, 0e+00, 0e+00, 0e+00, 0e+00, 0e+00, 0e+00, 0e+00, 0e+00, 0e+00, 0e+00, 0e+00, 0e+00, 0e+00, 0e+00, 0e+00, 0e+00, 0e+00, 0e+00, 0e+00, 0e+00, 0e+00, 0e+00, 0e+00, 0e+00, 0e+00, 0e+00, 0e+00, 0e+00, 0e+00, 0e+00, 0e+00, 0e+00, 0e+00, 0e+00, 0e+00, 0e+00, 0e+00, 0e+00, 0e+00, 0e+00, 0e+00, 0e+00, 0e+00, 0e+00, 0e+00, 0e+00, 0e+00, 0e+00, 0e+00, 0e+00, 0e+00, 0e+00, 0e+00, 0e+00, 0e+00, 0e+00, 0e+00, 0e+00, 0e+00, 0e+00, 0e+00, 0e+00, 0e+00, 0e+00, 0e+00, 0e+00, 0e+00, 0e+00, 0e+00, 0e+00, 0e+00]
QAveHeaReq_flow.y=[0e+00, 1.886863671875e+04, 2.2994994140625e+04, 2.572169921875e+04, 7.78974140625e+04, 2.5040875e+04, 2.40542734375e+04, 5.409798437500007e+04, 4.130554296875e+04, 1.45394189453125e+04, 5.65063828125e+04, 5.545364453125e+04, 5.70104921875e+04, 2.0427734375e+04, 2.277372656250001e+04, 2.81130859375e+04, 3.27970703125e+04, 3.629963671875001e+04, 8.8076671875e+04, 3.92081328125e+04, 3.492923046875e+04, 3.13106328125e+04, 5.923251171875e+04, 1.26188818359375e+04, 2.82113203125e+04, 6.27324453125e+04, 5.733625e+04, 5.38375546875e+04, 2.342781640625004e+04, 2.8830869140625e+04, 3.328676171875e+04, 3.657910546875e+04, 7.9114359375e+04, 7.1387640625e+04, 3.452193359374996e+04, 2.14005e+04, 5.785310546875e+04, 3.01167529296875e+03, 9.4688798828125e+03, 5.751830078125e+04, 4.5659109375e+04, 5.453103124999997e+04, 1.30268544921875e+04, 2.2326955078125e+04, 2.924629296875e+04, 3.485848046875e+04, 4.464101953125e+04, 8.94372265625e+04, 4.04152265625e+04, 4.115719140625e+04, 8.75406875e+04, 4.61146484375e+04, 3.724168359375e+04, 9.0865390625e+04, 8.03337578125e+04, 8.45376015625e+04, 3.404066796875009e+04, 4.513642968749996e+04, 4.97005625e+04, 5.07679140625e+04, 5.20423359375e+04, 1.08766859375e+05, 4.7695109375e+04, 5.2979328125e+04, 7.57016171875e+04, 9.7262734375e+04, 4.828726953125e+04, 7.91452265625e+04, 1.031938203124998e+05, 9.751373437499994e+04, 7.03688359375e+04, 5.4910734375e+04, 5.500530859375e+04, 5.837936328125e+04, 6.1337140625e+04, 1.23474125e+05, 7.95173984375e+04, 6.32045390625e+04, 6.1809890625e+04, 1.167166953125e+05, 5.16318515625e+04, 5.948217187500078e+04, 1.165166875000001e+05, 1.043078046875e+05, 1.09014453125e+05, 5.6502953125e+04, 6.048021484375e+04, 6.333380078125e+04, 6.61828359375e+04, 9.26447890625e+04, 1.20879234375e+05, 6.59108125e+04, 6.74472890625e+04, 1.284705625e+05, 5.107656640625e+04, 5.272948828125e+04, 1.127843046875e+05, 9.74136953125e+04, 1.02243e+05, 4.584433984375e+04, 5.586191796875e+04]
QAveHeaAct_flow.y=[0e+00, 1.8779302734375e+04, 2.2942126953125e+04, 2.5645056640625e+04, 7.80127734375e+04, 2.4972033203125e+04, 2.4132076171875e+04, 5.251599218750007e+04, 4.296252734375e+04, 1.44515107421875e+04, 5.4874140625e+04, 5.572438671875e+04, 5.690191796875e+04, 2.1855029296875e+04, 2.269030273437501e+04, 2.8028779296875e+04, 3.273258203125e+04, 3.626587500000001e+04, 8.800375e+04, 4.055255859375e+04, 3.508219921875e+04, 3.041379296875e+04, 5.971786328125e+04, 1.2425e+04, 2.6907912109375e+04, 6.296342578125e+04, 5.714823828125e+04, 5.52423046875e+04, 2.325384960937504e+04, 2.8758388671875e+04, 3.3228125e+04, 3.653319921875e+04, 7.7108125e+04, 7.3312234375e+04, 3.455078906249996e+04, 2.1565892578125e+04, 5.81321796875e+04, 3.023703369140625e+03, 9.3324765625e+03, 5.774987109375e+04, 4.561880859375e+04, 5.445989062499997e+04, 1.2781732421875e+04, 2.2222486328125e+04, 2.9138982421875e+04, 3.47819140625e+04, 4.34152421875e+04, 8.9606296875e+04, 4.021084375e+04, 4.1207609375e+04, 8.67183671875e+04, 4.8022578125e+04, 3.71784296875e+04, 9.0262265625e+04, 8.06140078125e+04, 8.4414921875e+04, 3.437365625000006e+04, 4.506898046874996e+04, 4.965551171875e+04, 5.07544140625e+04, 5.2023546875e+04, 1.0880825e+05, 4.7733859375e+04, 5.2986515625e+04, 7.34829375e+04, 9.82985859375e+04, 4.80805390625e+04, 7.6828953125e+04, 1.034687265624998e+05, 9.741186718749994e+04, 7.2696234375e+04, 5.49042890625e+04, 5.500465625e+04, 5.832119921875e+04, 6.13071328125e+04, 1.22375609375e+05, 8.20052265625e+04, 6.322113671875e+04, 6.180178125e+04, 1.1703809375e+05, 5.145591796875e+04, 5.928658984375069e+04, 1.167054375000001e+05, 1.0420571875e+05, 1.092571328125e+05, 5.61934375e+04, 6.045048828125e+04, 6.327299609375e+04, 6.61611015625e+04, 9.01215390625e+04, 1.219240078125e+05, 6.5737265625e+04, 6.74394296875e+04, 1.285552734375e+05, 5.25739296875e+04, 5.269005078125e+04, 1.1281646875e+05, 9.76046953125e+04, 1.021675859375e+05, 4.566395703125e+04, 5.579704296875e+04]
QAveCooReq_flow.y=[0e+00, 0e+00, 0e+00, 0e+00, 0e+00, 0e+00, 0e+00, 0e+00, 0e+00, 0e+00, 0e+00, 0e+00, 0e+00, 0e+00, 0e+00, 0e+00, 0e+00, 0e+00, 0e+00, 0e+00, 0e+00, 0e+00, 0e+00, 0e+00, 0e+00, 0e+00, 0e+00, 0e+00, 0e+00, 0e+00, 0e+00, 0e+00, 0e+00, 0e+00, 0e+00, 0e+00, 0e+00, 0e+00, 0e+00, 0e+00, 0e+00, 0e+00, 0e+00, 0e+00, 0e+00, 0e+00, 0e+00, 0e+00, 0e+00, 0e+00, 0e+00, 0e+00, 0e+00, 0e+00, 0e+00, 0e+00, 0e+00, 0e+00, 0e+00, 0e+00, 0e+00, 0e+00, 0e+00, 0e+00, 0e+00, 0e+00, 0e+00, 0e+00, 0e+00, 0e+00, 0e+00, 0e+00, 0e+00, 0e+00, 0e+00, 0e+00, 0e+00, 0e+00, 0e+00, 0e+00, 0e+00, 0e+00, 0e+00, 0e+00, 0e+00, 0e+00, 0e+00, 0e+00, 0e+00, 0e+00, 0e+00, 0e+00, 0e+00, 0e+00, 0e+00, 0e+00, 0e+00, 0e+00, 0e+00, 0e+00, 0e+00]
QAveCooAct_flow.y=[0e+00, 0e+00, 0e+00, 0e+00, 0e+00, 0e+00, 0e+00, 0e+00, 0e+00, 0e+00, 0e+00, 0e+00, 0e+00, 0e+00, 0e+00, 0e+00, 0e+00, 0e+00, 0e+00, 0e+00, 0e+00, 0e+00, 0e+00, 0e+00, 0e+00, 0e+00, 0e+00, 0e+00, 0e+00, 0e+00, 0e+00, 0e+00, 0e+00, 0e+00, 0e+00, 0e+00, 0e+00, 0e+00, 0e+00, 0e+00, 0e+00, 0e+00, 0e+00, 0e+00, 0e+00, 0e+00, 0e+00, 0e+00, 0e+00, 0e+00, 0e+00, 0e+00, 0e+00, 0e+00, 0e+00, 0e+00, 0e+00, 0e+00, 0e+00, 0e+00, 0e+00, 0e+00, 0e+00, 0e+00, 0e+00, 0e+00, 0e+00, 0e+00, 0e+00, 0e+00, 0e+00, 0e+00, 0e+00, 0e+00, 0e+00, 0e+00, 0e+00, 0e+00, 0e+00, 0e+00, 0e+00, 0e+00, 0e+00, 0e+00, 0e+00, 0e+00, 0e+00, 0e+00, 0e+00, 0e+00, 0e+00, 0e+00, 0e+00, 0e+00, 0e+00, 0e+00, 0e+00, 0e+00, 0e+00, 0e+00, 0e+00]
