last-generated=2020-09-04
statistics-initialization=
{
  "linear": "2, 2",
  "nonlinear": "4, 4",
  "numerical Jacobians": "0"
}
statistics-simulation=
{
  "linear": "0, 0, 0, 0",
  "nonlinear": "3, 3, 1",
  "number of continuous time states": "14",
  "numerical Jacobians": "0"
}
time=[0e+00, 1.2096e+06]
conExt[1].opa.T[1]=[2.931499938964844e+02, 2.615614318847656e+02, 2.620180053710938e+02, 2.891455688476562e+02, 2.765859985351562e+02, 2.714522399902344e+02, 2.713898010253906e+02, 2.701153259277344e+02, 2.684233703613281e+02, 2.711299133300781e+02, 2.759647521972656e+02, 2.787993774414062e+02, 2.737450256347656e+02, 2.73485107421875e+02, 2.726456298828125e+02, 2.727828369140625e+02, 2.706956176757812e+02, 2.722678833007812e+02, 2.754571228027344e+02, 2.721094665527344e+02, 2.697515869140625e+02, 2.697835998535156e+02, 2.697641296386719e+02, 2.692807006835938e+02, 2.725591125488281e+02, 2.764497680664062e+02, 2.735505676269531e+02, 2.679447937011719e+02, 2.675258789062499e+02, 2.651752014160156e+02, 2.603393249511719e+02, 2.655527648925781e+02, 2.966002502441406e+02, 2.827928771972656e+02, 2.6648095703125e+02, 2.631714782714844e+02, 2.6065673828125e+02, 2.577442321777344e+02, 2.592630004882812e+02, 2.748505554199219e+02, 2.677292175292969e+02, 2.566474304199219e+02, 2.529353790283203e+02, 2.528680725097656e+02, 2.513591156005859e+02, 2.50866943359375e+02, 2.890210571289062e+02, 2.892727355957031e+02, 2.556924896240234e+02, 2.528314056396484e+02, 2.518583984375e+02, 2.508180999755859e+02, 2.503182220458984e+02, 2.827717895507812e+02, 2.896573181152344e+02, 2.631836853027344e+02, 2.621131286621094e+02, 2.6284765625e+02, 2.631274108886719e+02, 2.632169189453125e+02, 2.783794555664062e+02, 2.895364074707031e+02, 2.743623657226562e+02, 2.727023620605469e+02, 2.718862915039062e+02, 2.712314453125e+02, 2.7046630859375e+02, 2.873950805664062e+02, 3.027706298828124e+02, 2.807583618164066e+02, 2.669573059082031e+02, 2.67887451171875e+02, 2.691679992675781e+02, 2.693009338378906e+02, 2.706024475097656e+02, 2.938194885253906e+02, 2.908409423828125e+02, 2.739746398925781e+02, 2.735503234863281e+02, 2.725968933105469e+02, 2.747029724121094e+02, 2.767195739746095e+02, 2.787037963867188e+02, 2.772391662597656e+02, 2.715186157226562e+02, 2.649894409179688e+02, 2.62132568359375e+02, 2.618414001464844e+02, 2.626319885253906e+02, 2.922490539550781e+02, 2.795390930175781e+02, 2.641730651855469e+02, 2.653424987792969e+02, 2.656720275878906e+02, 2.682782592773438e+02, 2.672154846191406e+02, 2.718290710449219e+02, 2.957050170898438e+02, 2.658301086425781e+02, 2.631722412109375e+02, 2.57430419921875e+02]
conExt[1].opa.T[2]=[2.931499938964844e+02, 2.769682922363281e+02, 2.770808410644531e+02, 2.878384704589844e+02, 2.855259704589844e+02, 2.820368347167969e+02, 2.814310913085938e+02, 2.810498046875e+02, 2.800836486816406e+02, 2.811640625e+02, 2.830395812988281e+02, 2.850799560546875e+02, 2.827298889160156e+02, 2.822139892578125e+02, 2.823967590332031e+02, 2.819009399414062e+02, 2.811901550292969e+02, 2.812261657714844e+02, 2.830905151367188e+02, 2.819904479980469e+02, 2.803327026367188e+02, 2.803060913085938e+02, 2.802684020996094e+02, 2.800105285644531e+02, 2.811791076660156e+02, 2.834120788574219e+02, 2.826864624023438e+02, 2.796410522460938e+02, 2.792283935546875e+02, 2.7769189453125e+02, 2.762519836425781e+02, 2.756864929199219e+02, 2.921904296875e+02, 2.892906188964844e+02, 2.789210510253906e+02, 2.771521301269531e+02, 2.758427734375e+02, 2.742592163085938e+02, 2.740557250976562e+02, 2.84712158203125e+02, 2.782875366210938e+02, 2.740190734863281e+02, 2.716650085449219e+02, 2.713665466308594e+02, 2.705831298828125e+02, 2.696222534179688e+02, 2.8713232421875e+02, 2.905822143554688e+02, 2.74925537109375e+02, 2.714805603027344e+02, 2.707970275878906e+02, 2.700534362792969e+02, 2.697046508789062e+02, 2.836211242675781e+02, 2.89858642578125e+02, 2.791973266601562e+02, 2.757866821289062e+02, 2.763109741210938e+02, 2.762366027832031e+02, 2.764088745117188e+02, 2.821160583496094e+02, 2.897738342285156e+02, 2.842260131835938e+02, 2.811083374023438e+02, 2.812076721191406e+02, 2.80747314453125e+02, 2.808250427246094e+02, 2.85970703125e+02, 2.9653076171875e+02, 2.888215332031252e+02, 2.793075561523438e+02, 2.791332092285156e+02, 2.795783996582031e+02, 2.800224304199219e+02, 2.801183776855469e+02, 2.905661926269531e+02, 2.928105163574219e+02, 2.824747924804688e+02, 2.82464111328125e+02, 2.816953430175781e+02, 2.82863037109375e+02, 2.830241088867188e+02, 2.845858764648438e+02, 2.846862182617188e+02, 2.816546325683594e+02, 2.781842041015625e+02, 2.764640808105469e+02, 2.763063354492188e+02, 2.758094177246094e+02, 2.897959899902344e+02, 2.8517578125e+02, 2.775159912109375e+02, 2.778282470703125e+02, 2.780888671875e+02, 2.791158142089844e+02, 2.784627685546875e+02, 2.809266052246094e+02, 2.913826904296875e+02, 2.79949462890625e+02, 2.771731872558594e+02, 2.744748229980469e+02]
conExt[1].opa.T[3]=[2.931499938964844e+02, 2.927640686035156e+02, 2.924400939941406e+02, 2.922834777832031e+02, 2.92343505859375e+02, 2.922005615234375e+02, 2.920353698730469e+02, 2.918990173339844e+02, 2.91751220703125e+02, 2.916311340332031e+02, 2.915581359863281e+02, 2.915528869628906e+02, 2.915179138183594e+02, 2.914442749023438e+02, 2.913993225097656e+02, 2.91339111328125e+02, 2.912838134765625e+02, 2.912078857421875e+02, 2.911935424804688e+02, 2.911824340820312e+02, 2.911092834472656e+02, 2.910440673828125e+02, 2.909882507324219e+02, 2.909352722167969e+02, 2.908936462402344e+02, 2.909171142578125e+02, 2.909461059570312e+02, 2.909000854492188e+02, 2.90826171875e+02, 2.907383728027344e+02, 2.906501159667969e+02, 2.904947509765625e+02, 2.906710815429688e+02, 2.909612731933594e+02, 2.908948059082031e+02, 2.90774169921875e+02, 2.90651611328125e+02, 2.905182495117188e+02, 2.90373779296875e+02, 2.904554138183594e+02, 2.904448852539062e+02, 2.903562622070312e+02, 2.901812744140625e+02, 2.900215454101562e+02, 2.898706665039062e+02, 2.897127990722656e+02, 2.898151550292969e+02, 2.901775512695312e+02, 2.902366943359375e+02, 2.900272827148438e+02, 2.898599243164062e+02, 2.897072448730469e+02, 2.895673522949219e+02, 2.896136474609375e+02, 2.899481811523438e+02, 2.901224060058594e+02, 2.900155639648438e+02, 2.899680480957031e+02, 2.899346618652344e+02, 2.899124145507812e+02, 2.89941162109375e+02, 2.901876831054688e+02, 2.903946228027344e+02, 2.903916931152344e+02, 2.904218444824219e+02, 2.904382934570312e+02, 2.904597778320312e+02, 2.904902648925781e+02, 2.908384094238281e+02, 2.911052551269531e+02, 2.910049133300781e+02, 2.908907470703125e+02, 2.908248596191406e+02, 2.907930297851562e+02, 2.90754638671875e+02, 2.908533935546875e+02, 2.911452941894531e+02, 2.911468200683594e+02, 2.911076354980469e+02, 2.910726318359375e+02, 2.910610961914062e+02, 2.910503234863281e+02, 2.910865478515625e+02, 2.911338500976562e+02, 2.911123352050781e+02, 2.910149230957031e+02, 2.908819580078125e+02, 2.907553405761719e+02, 2.906271057128906e+02, 2.907249145507812e+02, 2.909347534179688e+02, 2.908343811035156e+02, 2.907204284667969e+02, 2.906514587402344e+02, 2.905935668945312e+02, 2.9055029296875e+02, 2.905503845214844e+02, 2.906439208984375e+02, 2.907740478515625e+02, 2.906480102539062e+02, 2.905227661132812e+02]
conExt[1].opa.T[4]=[2.931499938964844e+02, 2.930095520019531e+02, 2.92763916015625e+02, 2.925512084960938e+02, 2.925049743652344e+02, 2.924336853027344e+02, 2.923184814453125e+02, 2.922001037597656e+02, 2.920807189941406e+02, 2.919659118652344e+02, 2.918786315917969e+02, 2.9183447265625e+02, 2.918106994628906e+02, 2.917641906738281e+02, 2.917183837890625e+02, 2.916726379394531e+02, 2.916268310546875e+02, 2.915704956054688e+02, 2.915323791503906e+02, 2.915166931152344e+02, 2.914798889160156e+02, 2.914287719726562e+02, 2.913793640136719e+02, 2.913332214355469e+02, 2.91290283203125e+02, 2.912771606445312e+02, 2.912915649414062e+02, 2.912853698730469e+02, 2.912427062988281e+02, 2.911851196289062e+02, 2.911170349121094e+02, 2.910172424316406e+02, 2.9100439453125e+02, 2.911714477539062e+02, 2.912498168945312e+02, 2.912099914550781e+02, 2.911305541992188e+02, 2.910330505371094e+02, 2.909202880859375e+02, 2.908736267089844e+02, 2.908904113769531e+02, 2.908583374023438e+02, 2.90760009765625e+02, 2.906348876953125e+02, 2.905091247558594e+02, 2.903807067871094e+02, 2.903225708007812e+02, 2.904865112304688e+02, 2.906454772949219e+02, 2.906039733886719e+02, 2.904929504394531e+02, 2.903702392578125e+02, 2.902492065429688e+02, 2.901798706054688e+02, 2.903118286132812e+02, 2.904976501464844e+02, 2.905295715332031e+02, 2.905057983398438e+02, 2.904788208007812e+02, 2.904555053710938e+02, 2.904463806152344e+02, 2.905432739257812e+02, 2.907140502929688e+02, 2.907953186035156e+02, 2.908347778320312e+02, 2.908603210449219e+02, 2.908795166015625e+02, 2.908937683105469e+02, 2.910364074707031e+02, 2.912680358886719e+02, 2.913450012207031e+02, 2.913032531738281e+02, 2.912471923828125e+02, 2.912056579589844e+02, 2.911713256835938e+02, 2.91176513671875e+02, 2.913223571777344e+02, 2.914315490722656e+02, 2.914400634765625e+02, 2.914263000488281e+02, 2.914089050292969e+02, 2.913990478515625e+02, 2.914072875976562e+02, 2.914347534179688e+02, 2.914469909667969e+02, 2.914103698730469e+02, 2.913287353515625e+02, 2.912285461425781e+02, 2.911247253417969e+02, 2.910852661132812e+02, 2.912032470703125e+02, 2.912315368652344e+02, 2.911706848144531e+02, 2.911073608398438e+02, 2.910503234863281e+02, 2.910081176757812e+02, 2.909817504882812e+02, 2.90996826171875e+02, 2.911046142578125e+02, 2.910903625488281e+02, 2.910206604003906e+02]
conExt[1].opa.T[5]=[2.931499938964844e+02, 2.930679016113281e+02, 2.928572387695312e+02, 2.926493530273438e+02, 2.925747375488281e+02, 2.925224304199219e+02, 2.924261169433594e+02, 2.923184509277344e+02, 2.922117004394531e+02, 2.921051025390625e+02, 2.920196533203125e+02, 2.919691467285156e+02, 2.919470520019531e+02, 2.919097290039062e+02, 2.918665466308594e+02, 2.918262634277344e+02, 2.917847595214844e+02, 2.917363891601562e+02, 2.916955871582031e+02, 2.916783447265625e+02, 2.916515197753906e+02, 2.9160693359375e+02, 2.915617065429688e+02, 2.915194396972656e+02, 2.91479248046875e+02, 2.91458984375e+02, 2.91468017578125e+02, 2.914698791503906e+02, 2.914377136230469e+02, 2.913896789550781e+02, 2.913296203613281e+02, 2.912483215332031e+02, 2.912010498046875e+02, 2.913232116699219e+02, 2.914262084960938e+02, 2.914097595214844e+02, 2.913451538085938e+02, 2.912608642578125e+02, 2.911619262695312e+02, 2.910938720703125e+02, 2.91109130859375e+02, 2.910907592773438e+02, 2.910162048339844e+02, 2.909066467285156e+02, 2.90793212890625e+02, 2.906781311035156e+02, 2.905955810546875e+02, 2.907002258300781e+02, 2.908630676269531e+02, 2.90866455078125e+02, 2.907763671875e+02, 2.906673278808594e+02, 2.905570983886719e+02, 2.904724426269531e+02, 2.905483703613281e+02, 2.907179565429688e+02, 2.907822570800781e+02, 2.907674255371094e+02, 2.907434997558594e+02, 2.907212524414062e+02, 2.907070007324219e+02, 2.907660217285156e+02, 2.909131164550781e+02, 2.910096740722656e+02, 2.910504760742188e+02, 2.910768432617188e+02, 2.910947570800781e+02, 2.911075134277344e+02, 2.911981811523438e+02, 2.914012145996094e+02, 2.915130004882812e+02, 2.914937438964844e+02, 2.914438171386719e+02, 2.914022827148438e+02, 2.913705749511719e+02, 2.913594360351562e+02, 2.914610595703125e+02, 2.915828857421875e+02, 2.916051330566406e+02, 2.915971984863281e+02, 2.915803527832031e+02, 2.915709533691406e+02, 2.915728454589844e+02, 2.915938110351562e+02, 2.916115417480469e+02, 2.915902099609375e+02, 2.915252075195312e+02, 2.914372253417969e+02, 2.913445129394531e+02, 2.912828674316406e+02, 2.913648986816406e+02, 2.914193115234375e+02, 2.913771057128906e+02, 2.913188781738281e+02, 2.912657470703125e+02, 2.912251586914062e+02, 2.911953430175781e+02, 2.9119677734375e+02, 2.912833557128906e+02, 2.91297607421875e+02, 2.912445983886719e+02]
conExt[1].win.glaUns.glass_a.T=[2.668628540039062e+02, 2.682950439453125e+02, 2.6790869140625e+02, 2.693303527832031e+02, 2.742868041992188e+02, 2.785523071289062e+02, 2.760577087402344e+02, 2.750151672363281e+02, 2.736134338378906e+02, 2.755870361328125e+02, 2.765643310546875e+02, 2.808309936523438e+02, 2.764461669921875e+02, 2.771122436523438e+02, 2.800204162597656e+02, 2.757452697753906e+02, 2.73712646484375e+02, 2.718279724121094e+02, 2.736545104980469e+02, 2.756278076171875e+02, 2.746340637207031e+02, 2.736282348632812e+02, 2.732839965820312e+02, 2.731293029785156e+02, 2.738238220214844e+02, 2.753943481445312e+02, 2.754833984375e+02, 2.708965759277344e+02, 2.702956848144531e+02, 2.692131958007812e+02, 2.650890502929688e+02, 2.629049377441406e+02, 2.673309936523438e+02, 2.710544738769531e+02, 2.702544860839844e+02, 2.677157897949219e+02, 2.654603881835938e+02, 2.641231079101562e+02, 2.634749450683594e+02, 2.653515319824219e+02, 2.669209594726562e+02, 2.634942626953125e+02, 2.617620544433594e+02, 2.594644470214844e+02, 2.583775939941406e+02, 2.587868347167969e+02, 2.615931091308594e+02, 2.639032897949219e+02, 2.610001831054688e+02, 2.610189514160156e+02, 2.609571533203125e+02, 2.601824951171875e+02, 2.605571899414062e+02, 2.635163879394531e+02, 2.659238586425781e+02, 2.672671203613281e+02, 2.673930053710938e+02, 2.671051025390625e+02, 2.674876403808594e+02, 2.675903625488281e+02, 2.707525329589844e+02, 2.753520202636719e+02, 2.759893493652344e+02, 2.758988952636719e+02, 2.757390747070312e+02, 2.750350341796875e+02, 2.744352722167969e+02, 2.746481018066406e+02, 2.774612731933594e+02, 2.763504638671876e+02, 2.725201721191406e+02, 2.720717468261719e+02, 2.724675903320312e+02, 2.730234985351562e+02, 2.725711669921875e+02, 2.752469177246094e+02, 2.7869287109375e+02, 2.773228149414062e+02, 2.76807861328125e+02, 2.759505310058594e+02, 2.776976928710938e+02, 2.758217163085938e+02, 2.776485900878906e+02, 2.771509704589844e+02, 2.738362426757812e+02, 2.688942260742188e+02, 2.665460205078125e+02, 2.654794616699219e+02, 2.653896484375e+02, 2.694524230957031e+02, 2.702648315429688e+02, 2.695962829589844e+02, 2.706258850097656e+02, 2.701825866699219e+02, 2.733578491210938e+02, 2.721141967773438e+02, 2.715651550292969e+02, 2.722908020019531e+02, 2.70287109375e+02, 2.690122680664062e+02, 2.653042602539062e+02]
conExt[1].win.glaUns.glass_b.T=[2.8969384765625e+02, 2.89951171875e+02, 2.898813781738281e+02, 2.90113037109375e+02, 2.909740295410156e+02, 2.917142028808594e+02, 2.912899169921875e+02, 2.91115478515625e+02, 2.9087060546875e+02, 2.912079772949219e+02, 2.913825073242188e+02, 2.921166687011719e+02, 2.91378173828125e+02, 2.914795227050781e+02, 2.919901428222656e+02, 2.912446899414062e+02, 2.908972778320312e+02, 2.905627746582031e+02, 2.908714599609375e+02, 2.912211608886719e+02, 2.910458679199219e+02, 2.908777465820312e+02, 2.908163757324219e+02, 2.907844848632812e+02, 2.909026794433594e+02, 2.911754760742188e+02, 2.912002258300781e+02, 2.904071350097656e+02, 2.903008728027344e+02, 2.900972900390625e+02, 2.894129333496094e+02, 2.889943542480469e+02, 2.897680969238281e+02, 2.904154968261719e+02, 2.902904357910156e+02, 2.8984521484375e+02, 2.894559631347656e+02, 2.892105102539062e+02, 2.890858764648438e+02, 2.894198303222656e+02, 2.897015991210938e+02, 2.891008605957031e+02, 2.887919006347656e+02, 2.883645324707031e+02, 2.881790161132812e+02, 2.882471618652344e+02, 2.887463073730469e+02, 2.891729431152344e+02, 2.886462707519531e+02, 2.886614379882812e+02, 2.886475219726562e+02, 2.88499267578125e+02, 2.885563049316406e+02, 2.890931701660156e+02, 2.895310668945312e+02, 2.897611389160156e+02, 2.897810974121094e+02, 2.897380065917969e+02, 2.897977294921875e+02, 2.898174438476562e+02, 2.903544006347656e+02, 2.911671752929688e+02, 2.913003845214844e+02, 2.912576904296875e+02, 2.91248046875e+02, 2.911179504394531e+02, 2.910243225097656e+02, 2.910471496582031e+02, 2.915407104492188e+02, 2.913584289550781e+02, 2.906839904785156e+02, 2.906056213378906e+02, 2.906669921875e+02, 2.907692260742188e+02, 2.906902465820312e+02, 2.911483459472656e+02, 2.917700500488281e+02, 2.915187683105469e+02, 2.914337158203125e+02, 2.912765197753906e+02, 2.915922241210938e+02, 2.912503967285156e+02, 2.915763549804688e+02, 2.914965209960938e+02, 2.909302673339844e+02, 2.9005712890625e+02, 2.896380004882812e+02, 2.894576721191406e+02, 2.894430847167969e+02, 2.901372985839844e+02, 2.902816467285156e+02, 2.901705932617188e+02, 2.903472290039062e+02, 2.902927551269531e+02, 2.908318786621094e+02, 2.906208801269531e+02, 2.905128173828125e+02, 2.9064208984375e+02, 2.902986755371094e+02, 2.9008154296875e+02, 2.89423095703125e+02]
bouConExt.weaBus.TDryBul=[2.609500122070312e+02, 2.621011047363281e+02, 2.625499877929688e+02, 2.665859985351562e+02, 2.715532531738281e+02, 2.720499877929688e+02, 2.720211181640625e+02, 2.714474182128906e+02, 2.698616027832031e+02, 2.721641845703125e+02, 2.73510009765625e+02, 2.748500061035156e+02, 2.73848876953125e+02, 2.740790100097656e+02, 2.731499938964844e+02, 2.733664245605469e+02, 2.712139892578125e+02, 2.687122497558594e+02, 2.701607055664062e+02, 2.703500061035156e+02, 2.703500061035156e+02, 2.703500061035156e+02, 2.703500061035156e+02, 2.698500061035156e+02, 2.707337341308594e+02, 2.720499877929688e+02, 2.7205712890625e+02, 2.684580078125e+02, 2.6806201171875e+02, 2.661690368652344e+02, 2.615640869140625e+02, 2.592766723632812e+02, 2.64716796875e+02, 2.690650634765625e+02, 2.680060119628906e+02, 2.646900024414062e+02, 2.62093994140625e+02, 2.591625671386719e+02, 2.582370910644531e+02, 2.609939880371094e+02, 2.618193054199219e+02, 2.578509826660156e+02, 2.543108673095703e+02, 2.542709197998047e+02, 2.5264599609375e+02, 2.503481140136719e+02, 2.581070861816406e+02, 2.603697204589844e+02, 2.568208923339844e+02, 2.541324615478516e+02, 2.531499938964844e+02, 2.520500030517578e+02, 2.514499969482422e+02, 2.589198913574219e+02, 2.628139953613281e+02, 2.632027893066406e+02, 2.63836669921875e+02, 2.645320129394531e+02, 2.648261413574219e+02, 2.649047546386719e+02, 2.686072998046875e+02, 2.737038879394531e+02, 2.744391784667969e+02, 2.740384216308594e+02, 2.725255432128906e+02, 2.721736450195312e+02, 2.718446960449219e+02, 2.721820068359375e+02, 2.751186218261719e+02, 2.740066528320313e+02, 2.685275573730469e+02, 2.684140014648438e+02, 2.697689208984375e+02, 2.698258056640625e+02, 2.695376586914062e+02, 2.731499938964844e+02, 2.771539916992188e+02, 2.758175354003906e+02, 2.753078918457031e+02, 2.744216003417969e+02, 2.766254577636719e+02, 2.743133239746094e+02, 2.759500122070312e+02, 2.754525146484375e+02, 2.720597534179688e+02, 2.666798706054688e+02, 2.6375e+02, 2.628267211914062e+02, 2.620499877929688e+02, 2.659939880371094e+02, 2.671028137207031e+02, 2.648287658691406e+02, 2.660057678222656e+02, 2.662762145996094e+02, 2.689168090820312e+02, 2.67787841796875e+02, 2.687315063476562e+02, 2.698032531738281e+02, 2.671799926757812e+02, 2.645320739746094e+02, 2.5875e+02]
