last-generated=2021-09-01
statistics-initialization=
{
  "linear": "5, 5, 5, 5, 5, 5",
  "nonlinear": "1, 1, 1, 1, 1, 1, 1, 6, 1, 6, 1, 6, 1, 6, 1, 6, 1, 6",
  "numerical Jacobians": "0"
}
statistics-simulation=
{
  "linear": "3, 0, 3, 0, 3, 0, 3, 0, 3, 0, 3, 0",
  "nonlinear": "1, 6, 1, 6, 1, 6, 1, 6, 1, 6, 1, 6",
  "number of continuous time states": "52",
  "numerical Jacobians": "0"
}
time=[0e+00, 6.048e+05]
bui.maxTSet[1].y=[2.971499938964844e+02, 2.971499938964844e+02]
bui.minTSet[1].y=[2.931499938964844e+02, 2.931499938964844e+02]
bui.office.TAir=[2.931499938964844e+02, 2.923109741210938e+02, 2.922516479492188e+02, 2.921734619140625e+02, 2.921212463378906e+02, 2.924942626953125e+02, 2.9315185546875e+02, 2.933809509277344e+02, 2.933160400390625e+02, 2.938777465820312e+02, 2.932410583496094e+02, 2.9314892578125e+02, 2.931496887207031e+02, 2.931094055175781e+02, 2.930341796875e+02, 2.929911193847656e+02, 2.929029235839844e+02, 2.928237915039062e+02, 2.927847290039062e+02, 2.929078674316406e+02, 2.932387390136719e+02, 2.939476928710938e+02, 2.939830627441406e+02, 2.94334228515625e+02, 2.941072998046875e+02, 2.934918518066406e+02, 2.932611389160156e+02, 2.931559753417969e+02, 2.931497802734375e+02, 2.931498107910156e+02, 2.931499328613281e+02, 2.931498413085938e+02, 2.931497802734375e+02, 2.931509704589844e+02, 2.9343310546875e+02, 2.941785888671875e+02, 2.944327392578125e+02, 2.945679321289062e+02, 2.946750183105469e+02, 2.940000915527344e+02, 2.936641540527344e+02, 2.935606994628906e+02, 2.934620361328125e+02, 2.933704833984375e+02, 2.932696838378906e+02, 2.931717834472656e+02, 2.931498107910156e+02, 2.931498413085938e+02, 2.933070983886719e+02, 2.937637939453125e+02, 2.943768005371094e+02, 2.943529663085938e+02, 2.944731750488281e+02, 2.939198913574219e+02, 2.935234375e+02, 2.933749694824219e+02, 2.932858581542969e+02, 2.931832885742188e+02, 2.931497802734375e+02, 2.931496276855469e+02, 2.931497192382812e+02, 2.931498718261719e+02, 2.931518859863281e+02, 2.935531005859375e+02, 2.943374633789062e+02, 2.943992614746094e+02, 2.948724365234375e+02, 2.943819885253906e+02, 2.938566589355469e+02, 2.936330261230469e+02, 2.935290832519531e+02, 2.934281616210938e+02, 2.933248291015625e+02, 2.932186279296875e+02, 2.93149658203125e+02, 2.931496887207031e+02, 2.931510314941406e+02, 2.937020568847656e+02, 2.941145629882812e+02, 2.943192443847656e+02, 2.946059265136719e+02, 2.945892639160156e+02, 2.938710327148438e+02, 2.935646057128906e+02, 2.934524230957031e+02, 2.933896789550781e+02, 2.932915344238281e+02, 2.93209228515625e+02, 2.931497802734375e+02, 2.931498718261719e+02, 2.931505432128906e+02, 2.932401733398438e+02, 2.937310485839844e+02, 2.937579650878906e+02, 2.939275512695312e+02, 2.94275146484375e+02, 2.935346069335938e+02, 2.931600036621094e+02, 2.931497192382812e+02, 2.931497802734375e+02, 2.931497192382812e+02]
bui.floor.TAir=[2.931499938964844e+02, 2.928688659667969e+02, 2.928403930664062e+02, 2.927978515625e+02, 2.927744445800781e+02, 2.9295556640625e+02, 2.931509399414062e+02, 2.931504516601562e+02, 2.931526489257812e+02, 2.932988891601562e+02, 2.931498107910156e+02, 2.931498413085938e+02, 2.931498413085938e+02, 2.931498718261719e+02, 2.931498413085938e+02, 2.931498107910156e+02, 2.931498718261719e+02, 2.931499328613281e+02, 2.931499328613281e+02, 2.931510925292969e+02, 2.93150634765625e+02, 2.932914733886719e+02, 2.935595397949219e+02, 2.936246032714844e+02, 2.933580932617188e+02, 2.932326965332031e+02, 2.931585083007812e+02, 2.931498413085938e+02, 2.931498413085938e+02, 2.931498718261719e+02, 2.931499633789062e+02, 2.9314990234375e+02, 2.9314990234375e+02, 2.931501159667969e+02, 2.931506042480469e+02, 2.933494262695312e+02, 2.935893249511719e+02, 2.937115783691406e+02, 2.935863342285156e+02, 2.933885498046875e+02, 2.933063049316406e+02, 2.932177124023438e+02, 2.931499328613281e+02, 2.931498718261719e+02, 2.931498413085938e+02, 2.931497802734375e+02, 2.9314990234375e+02, 2.931499328613281e+02, 2.931502990722656e+02, 2.931504821777344e+02, 2.932947082519531e+02, 2.934903259277344e+02, 2.933043518066406e+02, 2.931498107910156e+02, 2.931498413085938e+02, 2.931498718261719e+02, 2.931498413085938e+02, 2.9314990234375e+02, 2.9314990234375e+02, 2.931498107910156e+02, 2.931498718261719e+02, 2.931499633789062e+02, 2.9315087890625e+02, 2.931526489257812e+02, 2.932735595703125e+02, 2.936115112304688e+02, 2.937020874023438e+02, 2.933431091308594e+02, 2.932475280761719e+02, 2.93151611328125e+02, 2.931498718261719e+02, 2.931498413085938e+02, 2.931498413085938e+02, 2.931498718261719e+02, 2.931498413085938e+02, 2.931498413085938e+02, 2.93150390625e+02, 2.93150390625e+02, 2.931498413085938e+02, 2.933678588867188e+02, 2.93499755859375e+02, 2.933087768554688e+02, 2.9314990234375e+02, 2.931498413085938e+02, 2.931498413085938e+02, 2.931499938964844e+02, 2.9314990234375e+02, 2.931498107910156e+02, 2.9314990234375e+02, 2.931499633789062e+02, 2.931499633789062e+02, 2.93150146484375e+02, 2.931500549316406e+02, 2.931504821777344e+02, 2.9314892578125e+02, 2.931493835449219e+02, 2.931498718261719e+02, 2.931498718261719e+02, 2.931498718261719e+02, 2.9314990234375e+02, 2.931498718261719e+02]
bui.storage.TAir=[2.931499938964844e+02, 2.931499938964844e+02, 2.931499633789062e+02, 2.931501159667969e+02, 2.93150146484375e+02, 2.93151123046875e+02, 2.93150390625e+02, 2.931500854492188e+02, 2.931874084472656e+02, 2.933996887207031e+02, 2.931499328613281e+02, 2.931498718261719e+02, 2.931499328613281e+02, 2.931499633789062e+02, 2.931499328613281e+02, 2.9314990234375e+02, 2.931499328613281e+02, 2.931499633789062e+02, 2.931500549316406e+02, 2.931503295898438e+02, 2.931502380371094e+02, 2.9339892578125e+02, 2.936977844238281e+02, 2.938131408691406e+02, 2.934933166503906e+02, 2.933545532226562e+02, 2.932402648925781e+02, 2.931499633789062e+02, 2.931499633789062e+02, 2.931499633789062e+02, 2.931499938964844e+02, 2.931499633789062e+02, 2.931500244140625e+02, 2.931500854492188e+02, 2.931843566894531e+02, 2.935458984375e+02, 2.937791137695312e+02, 2.939925231933594e+02, 2.93839111328125e+02, 2.936087341308594e+02, 2.934822387695312e+02, 2.933883056640625e+02, 2.932757873535156e+02, 2.931600341796875e+02, 2.931499328613281e+02, 2.9314990234375e+02, 2.931500244140625e+02, 2.931500244140625e+02, 2.931501159667969e+02, 2.931500854492188e+02, 2.934687194824219e+02, 2.937565307617188e+02, 2.935549926757812e+02, 2.93306884765625e+02, 2.931947631835938e+02, 2.931499633789062e+02, 2.931498718261719e+02, 2.931499633789062e+02, 2.931499633789062e+02, 2.9314990234375e+02, 2.931499328613281e+02, 2.931500549316406e+02, 2.931503295898438e+02, 2.931513671875e+02, 2.934473876953125e+02, 2.938426513671875e+02, 2.93987060546875e+02, 2.935489501953125e+02, 2.93447265625e+02, 2.933103637695312e+02, 2.932148742675781e+02, 2.931499633789062e+02, 2.931499328613281e+02, 2.931499328613281e+02, 2.931499328613281e+02, 2.931499938964844e+02, 2.931501770019531e+02, 2.931796264648438e+02, 2.932201538085938e+02, 2.935543823242188e+02, 2.937660217285156e+02, 2.935374755859375e+02, 2.933183288574219e+02, 2.931777954101562e+02, 2.931499633789062e+02, 2.931499328613281e+02, 2.931499633789062e+02, 2.9314990234375e+02, 2.931499633789062e+02, 2.931500549316406e+02, 2.931500244140625e+02, 2.931500549316406e+02, 2.931500244140625e+02, 2.931502380371094e+02, 2.932152709960938e+02, 2.932700805664062e+02, 2.931499328613281e+02, 2.931498718261719e+02, 2.931499328613281e+02, 2.931498718261719e+02, 2.931499328613281e+02]
bui.meeting.TAir=[2.931499938964844e+02, 2.931499938964844e+02, 2.931499938964844e+02, 2.931499938964844e+02, 2.931499938964844e+02, 2.93150390625e+02, 2.936280517578125e+02, 2.943622436523438e+02, 2.940631713867188e+02, 2.949861450195312e+02, 2.942735900878906e+02, 2.934917907714844e+02, 2.931914978027344e+02, 2.931499938964844e+02, 2.931499938964844e+02, 2.931499938964844e+02, 2.931499938964844e+02, 2.931499938964844e+02, 2.931499938964844e+02, 2.931500854492188e+02, 2.9404150390625e+02, 2.951237487792969e+02, 2.948946533203125e+02, 2.954909362792969e+02, 2.954575500488281e+02, 2.944479675292969e+02, 2.9400634765625e+02, 2.938899536132812e+02, 2.937861328125e+02, 2.936842651367188e+02, 2.936010131835938e+02, 2.935520935058594e+02, 2.934616394042969e+02, 2.934877624511719e+02, 2.943566589355469e+02, 2.955152587890625e+02, 2.956983337402344e+02, 2.958283386230469e+02, 2.962773742675781e+02, 2.952571411132812e+02, 2.9463671875e+02, 2.94516357421875e+02, 2.944052124023438e+02, 2.943016662597656e+02, 2.941891784667969e+02, 2.940799255371094e+02, 2.939338073730469e+02, 2.938260803222656e+02, 2.944332580566406e+02, 2.952554016113281e+02, 2.960135803222656e+02, 2.958007507324219e+02, 2.9627880859375e+02, 2.955315246582031e+02, 2.948316040039062e+02, 2.945944213867188e+02, 2.944906616210938e+02, 2.943739318847656e+02, 2.942640380859375e+02, 2.94125244140625e+02, 2.939945678710938e+02, 2.938756713867188e+02, 2.94230712890625e+02, 2.951206359863281e+02, 2.961966247558594e+02, 2.959774169921875e+02, 2.967759094238281e+02, 2.963383178710938e+02, 2.954434814453125e+02, 2.950442199707031e+02, 2.949241638183594e+02, 2.948075866699219e+02, 2.946890258789062e+02, 2.945680236816406e+02, 2.944549560546875e+02, 2.943318481445312e+02, 2.94422119140625e+02, 2.953790283203125e+02, 2.962024841308594e+02, 2.962091369628906e+02, 2.966069030761719e+02, 2.96889892578125e+02, 2.957596130371094e+02, 2.951976013183594e+02, 2.9506689453125e+02, 2.949866943359375e+02, 2.948715209960938e+02, 2.947726440429688e+02, 2.946297912597656e+02, 2.945303955078125e+02, 2.944775085449219e+02, 2.950204467773438e+02, 2.958968811035156e+02, 2.959643859863281e+02, 2.96018310546875e+02, 2.967142028808594e+02, 2.956929931640625e+02, 2.950146179199219e+02, 2.948396911621094e+02, 2.947257385253906e+02, 2.946122131347656e+02]
bui.restroom.TAir=[2.931499938964844e+02, 2.931499938964844e+02, 2.931499938964844e+02, 2.931499938964844e+02, 2.931499938964844e+02, 2.931502685546875e+02, 2.931501159667969e+02, 2.931500244140625e+02, 2.931675720214844e+02, 2.933256530761719e+02, 2.931499938964844e+02, 2.931499938964844e+02, 2.931499633789062e+02, 2.931499938964844e+02, 2.931499938964844e+02, 2.931499633789062e+02, 2.931499938964844e+02, 2.931499938964844e+02, 2.931499938964844e+02, 2.931501159667969e+02, 2.931500244140625e+02, 2.932831726074219e+02, 2.935679321289062e+02, 2.936318359375e+02, 2.933493957519531e+02, 2.932139587402344e+02, 2.931499938964844e+02, 2.931499938964844e+02, 2.931499938964844e+02, 2.931499938964844e+02, 2.931499938964844e+02, 2.931499938964844e+02, 2.931499938964844e+02, 2.931500244140625e+02, 2.931500244140625e+02, 2.933439025878906e+02, 2.935963439941406e+02, 2.937248840332031e+02, 2.935905456542969e+02, 2.933782653808594e+02, 2.932918090820312e+02, 2.931982421875e+02, 2.931499938964844e+02, 2.931499938964844e+02, 2.931499938964844e+02, 2.931499633789062e+02, 2.931499938964844e+02, 2.931499938964844e+02, 2.931500244140625e+02, 2.931500244140625e+02, 2.932835388183594e+02, 2.934891967773438e+02, 2.932882690429688e+02, 2.931499938964844e+02, 2.931499938964844e+02, 2.931499938964844e+02, 2.931499938964844e+02, 2.931499938964844e+02, 2.931499938964844e+02, 2.931499633789062e+02, 2.931499938964844e+02, 2.931499938964844e+02, 2.931500854492188e+02, 2.931502075195312e+02, 2.932517700195312e+02, 2.93607177734375e+02, 2.937010192871094e+02, 2.933172607421875e+02, 2.932164916992188e+02, 2.931499938964844e+02, 2.931499938964844e+02, 2.931499938964844e+02, 2.931499938964844e+02, 2.931499938964844e+02, 2.931499633789062e+02, 2.931499938964844e+02, 2.931500549316406e+02, 2.931500244140625e+02, 2.931499938964844e+02, 2.933531799316406e+02, 2.934906921386719e+02, 2.932892761230469e+02, 2.931499938964844e+02, 2.931499938964844e+02, 2.931499938964844e+02, 2.931499938964844e+02, 2.931499938964844e+02, 2.931499633789062e+02, 2.931499938964844e+02, 2.931499938964844e+02, 2.931499938964844e+02, 2.931500244140625e+02, 2.931499938964844e+02, 2.931500549316406e+02, 2.931499328613281e+02, 2.931499633789062e+02, 2.931499938964844e+02, 2.931499938964844e+02, 2.931499938964844e+02, 2.931499938964844e+02, 2.931499938964844e+02]
bui.iCT.TAir=[2.931499938964844e+02, 2.971499938964844e+02, 2.971499938964844e+02, 2.971499938964844e+02, 2.971499938964844e+02, 2.971500244140625e+02, 2.971500244140625e+02, 2.971499938964844e+02, 2.971499938964844e+02, 2.971499938964844e+02, 2.971499938964844e+02, 2.971499938964844e+02, 2.971499938964844e+02, 2.971499938964844e+02, 2.971499938964844e+02, 2.971499938964844e+02, 2.971499938964844e+02, 2.971499938964844e+02, 2.971499938964844e+02, 2.971500244140625e+02, 2.971500244140625e+02, 2.971500244140625e+02, 2.971499938964844e+02, 2.971499938964844e+02, 2.971499938964844e+02, 2.971499938964844e+02, 2.971499938964844e+02, 2.971499938964844e+02, 2.971499938964844e+02, 2.971499938964844e+02, 2.971499938964844e+02, 2.971499938964844e+02, 2.971499938964844e+02, 2.971499938964844e+02, 2.971500244140625e+02, 2.971499938964844e+02, 2.971499938964844e+02, 2.971499938964844e+02, 2.971499938964844e+02, 2.971499938964844e+02, 2.971499938964844e+02, 2.971499938964844e+02, 2.971499938964844e+02, 2.971499938964844e+02, 2.971499938964844e+02, 2.971499938964844e+02, 2.971499938964844e+02, 2.971499938964844e+02, 2.971499938964844e+02, 2.971499938964844e+02, 2.971499938964844e+02, 2.971499938964844e+02, 2.971499938964844e+02, 2.971499938964844e+02, 2.971499938964844e+02, 2.971499938964844e+02, 2.971499938964844e+02, 2.971499938964844e+02, 2.971499938964844e+02, 2.971499938964844e+02, 2.971499938964844e+02, 2.971499938964844e+02, 2.971499938964844e+02, 2.971500244140625e+02, 2.971499938964844e+02, 2.971499938964844e+02, 2.971499938964844e+02, 2.971499938964844e+02, 2.971499938964844e+02, 2.971499938964844e+02, 2.971499938964844e+02, 2.971499938964844e+02, 2.971499938964844e+02, 2.971499938964844e+02, 2.971499938964844e+02, 2.971499938964844e+02, 2.971499938964844e+02, 2.971499938964844e+02, 2.971499938964844e+02, 2.971499938964844e+02, 2.971499938964844e+02, 2.971499938964844e+02, 2.971499938964844e+02, 2.971499938964844e+02, 2.971499938964844e+02, 2.971499938964844e+02, 2.971499938964844e+02, 2.971499938964844e+02, 2.971499938964844e+02, 2.971499938964844e+02, 2.971499938964844e+02, 2.971499938964844e+02, 2.971499938964844e+02, 2.971499938964844e+02, 2.971499938964844e+02, 2.971499938964844e+02, 2.971499938964844e+02, 2.971499938964844e+02, 2.971499938964844e+02, 2.971499938964844e+02, 2.971499938964844e+02]
bui.terUni[1].QActHea_flow=[-0e+00, 1.0084248046875e+04, 1.01139169921875e+04, 1.01530068359375e+04, 1.01791181640625e+04, 9.99261328125e+03, 4.268361328125e+03, 0e+00, 0e+00, 0e+00, 0e+00, 6.903353515625e+03, 9.29991796875e+03, 9.6850341796875e+03, 9.7226416015625e+03, 9.744173828125e+03, 9.78827734375e+03, 9.8278369140625e+03, 9.8473779296875e+03, 9.7857998046875e+03, 0e+00, 0e+00, 0e+00, 0e+00, 0e+00, 0e+00, 0e+00, 0e+00, 1.685596923828133e+03, 3.227651611328125e+03, 4.31039599609375e+03, 4.76386181640625e+03, 5.9596708984375e+03, 5.670828125e+03, 0e+00, 0e+00, 0e+00, 0e+00, 0e+00, 0e+00, 0e+00, 0e+00, 0e+00, 0e+00, 0e+00, 0e+00, 2.1767744140625e+03, 3.7980791015625e+03, 0e+00, 0e+00, 0e+00, 0e+00, 0e+00, 0e+00, 0e+00, 0e+00, 0e+00, 0e+00, 1.264304443359375e+03, 3.529345458984375e+03, 5.38119580078125e+03, 6.91847998046875e+03, 2.5020791015625e+03, 0e+00, 0e+00, 0e+00, 0e+00, 0e+00, 0e+00, 0e+00, 0e+00, 0e+00, 0e+00, 0e+00, 6.873675537109375e+02, 2.62430712890625e+03, 1.996556274414062e+03, 0e+00, 0e+00, 0e+00, 0e+00, 0e+00, 0e+00, 0e+00, 0e+00, 0e+00, 0e+00, 0e+00, 1.343513427734375e+03, 2.7292236328125e+03, 3.382896484375e+03, 0e+00, 0e+00, 0e+00, 0e+00, 0e+00, 0e+00, 0e+00, 2.22713818359375e+03, 3.78148193359375e+03, 5.28763720703125e+03]
bui.terUni[2].QActHea_flow=[-0e+00, 9.8052998046875e+03, 9.819546875e+03, 9.8408076171875e+03, 9.85251953125e+03, 9.7619482421875e+03, 5.74104345703125e+03, 2.644463378906246e+03, 0e+00, 0e+00, 2.95123974609375e+03, 3.830400146484375e+03, 4.6101357421875e+03, 5.41540283203125e+03, 6.310873535156252e+03, 6.78974658203125e+03, 7.6696435546875e+03, 8.3859931640625e+03, 8.6640576171875e+03, 7.98646923828125e+03, 2.06537060546875e+03, 0e+00, 0e+00, 0e+00, 0e+00, 0e+00, 0e+00, 1.193918090820312e+03, 2.196374023437505e+03, 3.10691064453125e+03, 3.747931396484375e+03, 4.029880859375e+03, 4.6821044921875e+03, 5.09566064453125e+03, 1.299729248046853e+03, 0e+00, 0e+00, 0e+00, 0e+00, 0e+00, 0e+00, 0e+00, 3.159969482421875e+02, 1.361227661132812e+03, 2.418833984375e+03, 3.37576220703125e+03, 4.55934423828125e+03, 5.31846728515625e+03, 3.684592041015625e+03, 2.442877685546875e+03, 0e+00, 0e+00, 0e+00, 7.463410034179688e+02, 1.820058959960938e+03, 2.767312255859375e+03, 3.57828271484376e+03, 4.436068359374995e+03, 5.1973818359375e+03, 6.20396826171875e+03, 7.003484375e+03, 7.64147998046875e+03, 6.62300048828125e+03, 3.52187939453125e+03, 0e+00, 0e+00, 0e+00, 0e+00, 0e+00, 0e+00, 1.239335815429688e+03, 2.33420751953125e+03, 3.335990478515625e+03, 4.28440625e+03, 5.0893720703125e+03, 5.92434326171875e+03, 6.25678759765625e+03, 1.756850708007812e+03, 1.588448120117188e+03, 0e+00, 0e+00, 0e+00, 4.76583099365226e+02, 1.695820556640625e+03, 2.84497216796875e+03, 3.3395625e+03, 4.24560302734375e+03, 4.899390625e+03, 5.8790478515625e+03, 6.37343896484375e+03, 6.73739404296875e+03, 6.38550732421875e+03, 4.61973779296875e+03, 5.16711376953125e+03, 1.55460498046875e+03, 7.639891357421875e+02, 4.5867041015625e+03, 5.38060595703125e+03, 6.136025390625e+03, 6.7258740234375e+03, 7.29664404296875e+03]
bui.terUni[3].QActHea_flow=[-0e+00, 7.5399404296875e+03, 7.597267578125e+03, 7.74194140625e+03, 7.25973779296875e+03, 5.4248037109375e+03, 2.537260498046875e+03, 1.252740844726562e+03, 0e+00, 0e+00, 1.1484912109375e+03, 1.631162841796875e+03, 2.105970458984375e+03, 2.477170654296875e+03, 3.189434814453126e+03, 3.416992919921875e+03, 3.882561279296875e+03, 4.261076171875e+03, 4.065048095703125e+03, 3.364293212890625e+03, 5.3263525390625e+02, 0e+00, 0e+00, 0e+00, 0e+00, 0e+00, 0e+00, 8.850967407226562e+01, 8.179888305664086e+02, 1.25946826171875e+03, 1.56539208984375e+03, 1.685544677734375e+03, 1.825884521484375e+03, 1.630480590820312e+03, 0e+00, 0e+00, 0e+00, 0e+00, 0e+00, 0e+00, 0e+00, 0e+00, 0e+00, 0e+00, 5.307367553710938e+02, 1.038883911132812e+03, 1.60912158203125e+03, 1.563187377929688e+03, 5.684434204101562e+02, 9.466858673095703e+01, 0e+00, 0e+00, 0e+00, 0e+00, 0e+00, 3.637049560546875e+02, 8.008970947265723e+02, 1.50885070800781e+03, 1.933460205078125e+03, 2.5048740234375e+03, 2.9599130859375e+03, 2.927612060546875e+03, 2.123471923828125e+03, 7.688550415039062e+02, 0e+00, 0e+00, 0e+00, 0e+00, 0e+00, 0e+00, 0e+00, 4.6614599609375e+02, 9.839420166015625e+02, 1.486460815429688e+03, 1.9205078125e+03, 2.113121826171875e+03, 1.921442138671875e+03, 0e+00, 0e+00, 0e+00, 0e+00, 0e+00, 0e+00, 0e+00, 4.523838195800781e+02, 8.84959228515625e+02, 1.427155517578125e+03, 1.784749877929688e+03, 2.333572509765625e+03, 2.4756474609375e+03, 2.24570849609375e+03, 1.93903515625e+03, 1.180902099609375e+03, 1.783087524414062e+03, 0e+00, 0e+00, 1.325152099609375e+03, 1.976318725585938e+03, 2.38445751953125e+03, 2.780986328125e+03, 3.28341015625e+03]
bui.terUni[4].QActHea_flow=[-0e+00, 2.063556396484375e+03, 2.078888671875e+03, 2.119741455078125e+03, 2.113466064453125e+03, 9.964064331054688e+02, 0e+00, 0e+00, 0e+00, 0e+00, 0e+00, 0e+00, 0e+00, 1.080658416748047e+02, 2.803590698242191e+02, 3.879683837890625e+02, 5.548975830078125e+02, 6.95032653808594e+02, 7.679547729492188e+02, 2.636513977050781e+02, 0e+00, 0e+00, 0e+00, 0e+00, 0e+00, 0e+00, 0e+00, 0e+00, 0e+00, 0e+00, 0e+00, 0e+00, 0e+00, 0e+00, 0e+00, 0e+00, 0e+00, 0e+00, 0e+00, 0e+00, 0e+00, 0e+00, 0e+00, 0e+00, 0e+00, 0e+00, 0e+00, 0e+00, 0e+00, 0e+00, 0e+00, 0e+00, 0e+00, 0e+00, 0e+00, 0e+00, 0e+00, 0e+00, 0e+00, 0e+00, 0e+00, 0e+00, 0e+00, 0e+00, 0e+00, 0e+00, 0e+00, 0e+00, 0e+00, 0e+00, 0e+00, 0e+00, 0e+00, 0e+00, 0e+00, 0e+00, 0e+00, 0e+00, 0e+00, 0e+00, 0e+00, 0e+00, 0e+00, 0e+00, 0e+00, 0e+00, 0e+00, 0e+00, 0e+00, 0e+00, 0e+00, 0e+00, 0e+00, 0e+00, 0e+00, 0e+00, 0e+00, 0e+00, 0e+00, 0e+00, 0e+00]
bui.terUni[5].QActHea_flow=[-0e+00, 2.117356689453125e+03, 2.133189453125e+03, 2.1758544921875e+03, 2.170016845703125e+03, 1.693134887695312e+03, 7.79739501953125e+02, 3.418673400878901e+02, 0e+00, 0e+00, 4.144656372070312e+02, 5.473395385742188e+02, 6.663035888671875e+02, 7.905267333984375e+02, 9.301316528320316e+02, 1.005193176269531e+03, 1.143688598632812e+03, 1.25682080078125e+03, 1.30192138671875e+03, 1.207110107421875e+03, 3.294701538085938e+02, 0e+00, 0e+00, 0e+00, 0e+00, 0e+00, 3.161963272094727e+01, 2.139737091064453e+02, 3.585091857910164e+02, 4.911065368652344e+02, 5.835299072265625e+02, 6.219932861328125e+02, 7.200670776367188e+02, 7.83114501953125e+02, 2.197835845947233e+02, 0e+00, 0e+00, 0e+00, 0e+00, 0e+00, 0e+00, 0e+00, 8.986832427978516e+01, 2.402832489013672e+02, 3.949476928710938e+02, 5.359519653320312e+02, 7.135740356445312e+02, 8.26572509765625e+02, 5.821948852539062e+02, 3.9822998046875e+02, 0e+00, 0e+00, 0e+00, 1.58608642578125e+02, 3.125641479492188e+02, 4.493931274414062e+02, 5.672326049804703e+02, 6.940797729492181e+02, 8.075869140625e+02, 9.609328002929688e+02, 1.082201782226562e+03, 1.179022827148438e+03, 1.027164306640625e+03, 5.605556640625e+02, 0e+00, 0e+00, 0e+00, 0e+00, 0e+00, 7.284372711181467e+01, 2.425477752685547e+02, 3.991346740722656e+02, 5.438140869140625e+02, 6.824703369140625e+02, 8.006981201171875e+02, 9.25234619140625e+02, 9.74931396484375e+02, 3.084093322753906e+02, 2.865645751953125e+02, 0e+00, 0e+00, 0e+00, 1.291715850830067e+02, 3.031949462890625e+02, 4.693416748046875e+02, 5.352913208007812e+02, 6.689339599609375e+02, 7.649295043945312e+02, 9.128639526367188e+02, 9.859824829101562e+02, 1.040184692382812e+03, 9.883262939453125e+02, 7.290257568359375e+02, 8.116358642578125e+02, 2.810923461914062e+02, 1.630790252685547e+02, 7.29746826171875e+02, 8.47151611328125e+02, 9.599356689453125e+02, 1.047839965820312e+03, 1.134063598632812e+03]
bui.terUni[6].QActHea_flow=[-0e+00, 0e+00, 0e+00, 0e+00, 0e+00, 0e+00, 0e+00, 0e+00, 0e+00, 0e+00, 0e+00, 0e+00, 0e+00, 0e+00, 0e+00, 0e+00, 0e+00, 0e+00, 0e+00, 0e+00, 0e+00, 0e+00, 0e+00, 0e+00, 0e+00, 0e+00, 0e+00, 0e+00, 0e+00, 0e+00, 0e+00, 0e+00, 0e+00, 0e+00, 0e+00, 0e+00, 0e+00, 0e+00, 0e+00, 0e+00, 0e+00, 0e+00, 0e+00, 0e+00, 0e+00, 0e+00, 0e+00, 0e+00, 0e+00, 0e+00, 0e+00, 0e+00, 0e+00, 0e+00, 0e+00, 0e+00, 0e+00, 0e+00, 0e+00, 0e+00, 0e+00, 0e+00, 0e+00, 0e+00, 0e+00, 0e+00, 0e+00, 0e+00, 0e+00, 0e+00, 0e+00, 0e+00, 0e+00, 0e+00, 0e+00, 0e+00, 0e+00, 0e+00, 0e+00, 0e+00, 0e+00, 0e+00, 0e+00, 0e+00, 0e+00, 0e+00, 0e+00, 0e+00, 0e+00, 0e+00, 0e+00, 0e+00, 0e+00, 0e+00, 0e+00, 0e+00, 0e+00, 0e+00, 0e+00, 0e+00, 0e+00]
bui.terUni[1].QActCoo_flow=[-0e+00, -0e+00, -0e+00, -0e+00, -0e+00, -0e+00, -0e+00, 0e+00, -0e+00, -0e+00, -0e+00, -0e+00, -0e+00, -0e+00, 0e+00, -0e+00, -0e+00, 0e+00, -0e+00, -0e+00, -0e+00, -0e+00, -0e+00, -0e+00, -0e+00, -0e+00, -0e+00, -0e+00, 0e+00, -0e+00, -0e+00, -0e+00, -0e+00, -0e+00, 0e+00, -0e+00, -0e+00, -0e+00, -0e+00, -0e+00, -0e+00, 0e+00, -0e+00, -0e+00, -0e+00, -0e+00, -0e+00, -0e+00, -0e+00, -0e+00, -0e+00, -0e+00, -0e+00, -0e+00, -0e+00, -0e+00, 0e+00, 0e+00, -0e+00, -0e+00, -0e+00, -0e+00, -0e+00, -0e+00, -0e+00, -0e+00, -0e+00, -0e+00, 0e+00, 0e+00, -0e+00, -0e+00, -0e+00, -0e+00, -0e+00, -0e+00, -0e+00, -0e+00, -0e+00, -0e+00, -0e+00, 0e+00, 0e+00, -0e+00, -0e+00, -0e+00, -0e+00, -0e+00, -0e+00, -0e+00, -0e+00, -0e+00, -0e+00, -0e+00, -0e+00, -0e+00, -0e+00, -0e+00, -0e+00, -0e+00, -0e+00]
bui.terUni[2].QActCoo_flow=[-0e+00, -0e+00, -0e+00, -0e+00, -0e+00, -0e+00, -0e+00, 0e+00, -0e+00, -0e+00, -0e+00, -0e+00, -0e+00, -0e+00, 0e+00, -0e+00, -0e+00, 0e+00, -0e+00, -0e+00, -0e+00, -0e+00, -0e+00, -0e+00, -0e+00, -0e+00, -0e+00, -0e+00, 0e+00, -0e+00, -0e+00, -0e+00, -0e+00, -0e+00, 0e+00, -0e+00, -0e+00, -0e+00, -0e+00, -0e+00, -0e+00, 0e+00, -0e+00, -0e+00, -0e+00, -0e+00, -0e+00, -0e+00, -0e+00, -0e+00, -0e+00, -0e+00, -0e+00, -0e+00, -0e+00, -0e+00, 0e+00, 0e+00, -0e+00, -0e+00, -0e+00, -0e+00, -0e+00, -0e+00, -0e+00, -0e+00, -0e+00, -0e+00, 0e+00, 0e+00, -0e+00, -0e+00, -0e+00, -0e+00, -0e+00, -0e+00, -0e+00, -0e+00, -0e+00, -0e+00, -0e+00, 0e+00, 0e+00, -0e+00, -0e+00, -0e+00, -0e+00, -0e+00, -0e+00, -0e+00, -0e+00, -0e+00, -0e+00, -0e+00, -0e+00, -0e+00, -0e+00, -0e+00, -0e+00, -0e+00, -0e+00]
bui.terUni[3].QActCoo_flow=[-0e+00, -0e+00, -0e+00, -0e+00, -0e+00, -0e+00, -0e+00, 0e+00, -0e+00, -0e+00, -0e+00, -0e+00, -0e+00, -0e+00, 0e+00, -0e+00, -0e+00, 0e+00, -0e+00, -0e+00, -0e+00, -0e+00, -0e+00, -0e+00, -0e+00, -0e+00, -0e+00, -0e+00, 0e+00, -0e+00, -0e+00, -0e+00, -0e+00, -0e+00, 0e+00, -0e+00, -0e+00, -0e+00, -0e+00, -0e+00, -0e+00, 0e+00, -0e+00, -0e+00, -0e+00, -0e+00, -0e+00, -0e+00, -0e+00, -0e+00, -0e+00, -0e+00, -0e+00, -0e+00, -0e+00, -0e+00, 0e+00, 0e+00, -0e+00, -0e+00, -0e+00, -0e+00, -0e+00, -0e+00, -0e+00, -0e+00, -0e+00, -0e+00, 0e+00, 0e+00, -0e+00, -0e+00, -0e+00, -0e+00, -0e+00, -0e+00, -0e+00, -0e+00, -0e+00, -0e+00, -0e+00, 0e+00, 0e+00, -0e+00, -0e+00, -0e+00, -0e+00, -0e+00, -0e+00, -0e+00, -0e+00, -0e+00, -0e+00, -0e+00, -0e+00, -0e+00, -0e+00, -0e+00, -0e+00, -0e+00, -0e+00]
bui.terUni[4].QActCoo_flow=[-0e+00, -0e+00, -0e+00, -0e+00, -0e+00, -0e+00, -0e+00, 0e+00, -0e+00, -0e+00, -0e+00, -0e+00, -0e+00, -0e+00, 0e+00, -0e+00, -0e+00, 0e+00, -0e+00, -0e+00, -0e+00, -0e+00, -0e+00, -0e+00, -0e+00, -0e+00, -0e+00, -0e+00, 0e+00, -0e+00, -0e+00, -0e+00, -0e+00, -0e+00, 0e+00, -0e+00, -0e+00, -0e+00, -0e+00, -0e+00, -0e+00, 0e+00, -0e+00, -0e+00, -0e+00, -0e+00, -0e+00, -0e+00, -0e+00, -0e+00, -0e+00, -0e+00, -0e+00, -0e+00, -0e+00, -0e+00, 0e+00, 0e+00, -0e+00, -0e+00, -0e+00, -0e+00, -0e+00, -0e+00, -0e+00, -0e+00, -0e+00, -0e+00, 0e+00, 0e+00, -0e+00, -0e+00, -0e+00, -0e+00, -0e+00, -0e+00, -0e+00, -0e+00, -0e+00, -0e+00, -0e+00, 0e+00, 0e+00, -0e+00, -0e+00, -0e+00, -0e+00, -0e+00, -0e+00, -0e+00, -0e+00, -0e+00, -0e+00, -0e+00, -0e+00, -0e+00, -0e+00, -0e+00, -0e+00, -0e+00, -0e+00]
bui.terUni[5].QActCoo_flow=[-0e+00, -0e+00, -0e+00, -0e+00, -0e+00, -0e+00, -0e+00, 0e+00, -0e+00, -0e+00, -0e+00, -0e+00, -0e+00, -0e+00, 0e+00, -0e+00, -0e+00, 0e+00, -0e+00, -0e+00, -0e+00, -0e+00, -0e+00, -0e+00, -0e+00, -0e+00, -0e+00, -0e+00, 0e+00, -0e+00, -0e+00, -0e+00, -0e+00, -0e+00, 0e+00, -0e+00, -0e+00, -0e+00, -0e+00, -0e+00, -0e+00, 0e+00, -0e+00, -0e+00, -0e+00, -0e+00, -0e+00, -0e+00, -0e+00, -0e+00, -0e+00, -0e+00, -0e+00, -0e+00, -0e+00, -0e+00, 0e+00, 0e+00, -0e+00, -0e+00, -0e+00, -0e+00, -0e+00, -0e+00, -0e+00, -0e+00, -0e+00, -0e+00, 0e+00, 0e+00, -0e+00, -0e+00, -0e+00, -0e+00, -0e+00, -0e+00, -0e+00, -0e+00, -0e+00, -0e+00, -0e+00, 0e+00, 0e+00, -0e+00, -0e+00, -0e+00, -0e+00, -0e+00, -0e+00, -0e+00, -0e+00, -0e+00, -0e+00, -0e+00, -0e+00, -0e+00, -0e+00, -0e+00, -0e+00, -0e+00, -0e+00]
bui.terUni[6].QActCoo_flow=[-0e+00, -6.8555771484375e+03, -7.02855712890625e+03, -7.174296875e+03, -7.3305185546875e+03, -7.68083447265625e+03, -8.2116923828125e+03, -8.52301171875e+03, -8.8097080078125e+03, -9.0210498046875e+03, -8.8060146484375e+03, -8.846494140625e+03, -8.88475e+03, -8.9126357421875e+03, -8.9259833984375e+03, -8.9641533203125e+03, -8.96580078125e+03, -8.9745712890625e+03, -9.0111826171875e+03, -9.1033603515625e+03, -9.536609375e+03, -9.8548466796875e+03, -1.00810244140625e+04, -1.015754296875e+04, -9.918037109375e+03, -9.864353515625e+03, -9.8438291015625e+03, -9.801419921875e+03, -9.7730205078125e+03, -9.74640234375e+03, -9.735587890625e+03, -9.747333984375e+03, -9.7272919921875e+03, -9.7202998046875e+03, -9.986827148437502e+03, -1.0262908203125e+04, -1.04778740234375e+04, -1.05521796875e+04, -1.0409759765625e+04, -1.0259951171875e+04, -1.02026552734375e+04, -1.01427275390625e+04, -1.00882822265625e+04, -1.0041673828125e+04, -9.9901123046875e+03, -9.9426787109375e+03, -9.87565234375e+03, -9.8376572265625e+03, -9.9569111328125e+03, -1.00470029296875e+04, -1.0337490234375e+04, -1.0493814453125e+04, -1.03287333984375e+04, -1.0158892578125e+04, -1.01037431640625e+04, -1.005438671875e+04, -1.0012017578125e+04, -9.963501953125e+03, -9.91976953125e+03, -9.85545703125e+03, -9.8058125e+03, -9.7668994140625e+03, -9.837798828125e+03, -1.00429052734375e+04, -1.03889765625e+04, -1.066148828125e+04, -1.0697509765625e+04, -1.03595224609375e+04, -1.028842578125e+04, -1.02191806640625e+04, -1.01568671875e+04, -1.0098048828125e+04, -1.00426591796875e+04, -9.9881767578125e+03, -9.9418017578125e+03, -9.8908984375e+03, -9.8717255859375e+03, -1.0166134765625e+04, -1.01764853515625e+04, -1.047819921875e+04, -1.05718037109375e+04, -1.03534990234375e+04, -1.02268359375e+04, -1.0159765625e+04, -1.00939853515625e+04, -1.00744375e+04, -1.001984765625e+04, -9.9819072265625e+03, -9.9178037109375e+03, -9.8887333984375e+03, -9.8675419921875e+03, -9.8921533203125e+03, -1.000623046875e+04, -9.969568359375e+03, -1.020233984375e+04, -1.0254138671875e+04, -1.00065400390625e+04, -9.956900390625e+03, -9.9083994140625e+03, -9.8709755859375e+03, -9.833404296875e+03]
supHeaWat.T_in=[3.131499938964844e+02, 3.131499938964844e+02]
bui.terUni[1].T_aHeaWat_nominal=[3.131499938964844e+02, 3.131499938964844e+02]
bui.terUni[2].T_aHeaWat_nominal=[3.131499938964844e+02, 3.131499938964844e+02]
bui.terUni[3].T_aHeaWat_nominal=[3.131499938964844e+02, 3.131499938964844e+02]
bui.terUni[4].T_aHeaWat_nominal=[3.131499938964844e+02, 3.131499938964844e+02]
bui.terUni[5].T_aHeaWat_nominal=[3.131499938964844e+02, 3.131499938964844e+02]
bui.terUni[6].T_aHeaWat_nominal=[3.131499938964844e+02, 3.131499938964844e+02]
bui.disFloHea.mAct_flow[1].y=[0e+00, 4.780114591121674e-01, 4.780114591121674e-01, 4.780114591121674e-01, 4.780114591121674e-01, 4.780114591121674e-01, 1.760435402393341e-01, 0e+00, 0e+00, 0e+00, 0e+00, 3.138205707073212e-01, 4.549736082553864e-01, 4.780114591121674e-01, 4.780114591121674e-01, 4.780114591121674e-01, 4.780114591121674e-01, 4.780114591121674e-01, 4.780114591121674e-01, 4.780114591121674e-01, 0e+00, 0e+00, 0e+00, 0e+00, 0e+00, 0e+00, 0e+00, 0e+00, 5.897452682256733e-02, 1.264270097017288e-01, 1.780862361192703e-01, 2.006266415119171e-01, 2.625079751014709e-01, 2.472567111253738e-01, 0e+00, 0e+00, 0e+00, 0e+00, 0e+00, 0e+00, 0e+00, 0e+00, 0e+00, 0e+00, 0e+00, 0e+00, 7.955432683229446e-02, 1.53250977396965e-01, 0e+00, 0e+00, 0e+00, 0e+00, 0e+00, 0e+00, 0e+00, 0e+00, 0e+00, 0e+00, 4.212542995810509e-02, 1.405002921819687e-01, 2.32133224606514e-01, 3.146800696849823e-01, 9.369193762540817e-02, 0e+00, 0e+00, 0e+00, 0e+00, 0e+00, 0e+00, 0e+00, 0e+00, 0e+00, 0e+00, 0e+00, 1.67087446898222e-02, 9.908070415258408e-02, 7.189807295799255e-02, 0e+00, 0e+00, 0e+00, 0e+00, 0e+00, 0e+00, 0e+00, 0e+00, 0e+00, 0e+00, 0e+00, 4.525237902998924e-02, 1.037562936544418e-01, 1.336434781551361e-01, 0e+00, 0e+00, 0e+00, 0e+00, 0e+00, 0e+00, 0e+00, 8.171653747558594e-02, 1.524574756622314e-01, 2.27297767996788e-01]
bui.disFloHea.mAct_flow[2].y=[0e+00, 4.780114591121674e-01, 4.780114591121674e-01, 4.780114591121674e-01, 4.780114591121674e-01, 4.780114591121674e-01, 2.509492933750153e-01, 9.998038411140427e-02, 0e+00, 0e+00, 1.137617453932762e-01, 1.547975093126297e-01, 1.929273158311844e-01, 2.339086681604385e-01, 2.813512086868287e-01, 3.075394332408905e-01, 3.572015166282654e-01, 3.991912305355073e-01, 4.158912897109985e-01, 3.756224513053894e-01, 7.480747252702713e-02, 0e+00, 0e+00, 0e+00, 0e+00, 0e+00, 0e+00, 3.932353481650352e-02, 8.039504289627096e-02, 1.208675056695938e-01, 1.508581191301346e-01, 1.644035130739212e-01, 1.965252012014389e-01, 2.174482345581055e-01, 4.352774098515418e-02, 0e+00, 0e+00, 0e+00, 0e+00, 0e+00, 0e+00, 0e+00, 4.189956933259964e-03, 4.595113918185234e-02, 9.003091603517532e-02, 1.33304551243782e-01, 1.903970241546631e-01, 2.288917005062103e-01, 1.478471755981445e-01, 9.108605980873108e-02, 0e+00, 0e+00, 0e+00, 1.959950663149357e-02, 6.451189517974854e-02, 1.054618805646896e-01, 1.428092122077947e-01, 1.842813342809675e-01, 2.226556837558746e-01, 2.755826711654663e-01, 3.194177448749542e-01, 3.555824756622314e-01, 2.98374354839325e-01, 1.401739865541458e-01, 0e+00, 0e+00, 0e+00, 0e+00, 0e+00, 0e+00, 4.113540425896645e-02, 8.634478598833084e-02, 1.314520984888077e-01, 1.768094003200531e-01, 2.171234935522079e-01, 2.606302797794342e-01, 2.784388959407806e-01, 6.190143525600433e-02, 5.502313748002052e-02, 0e+00, 0e+00, 0e+00, 7.950145751237675e-03, 5.939304828643799e-02, 1.089536249637604e-01, 1.316194534301758e-01, 1.749076396226883e-01, 2.07462877035141e-01, 2.582269310951233e-01, 2.847423553466797e-01, 3.04650753736496e-01, 2.854001224040985e-01, 1.934088915586472e-01, 2.211107164621353e-01, 5.365367233753204e-02, 2.04612985253334e-02, 1.917591094970703e-01, 2.321045249700546e-01, 2.719326019287109e-01, 3.040147721767426e-01, 3.35900753736496e-01]
bui.disFloHea.mAct_flow[3].y=[0e+00, 3.497552573680878e-01, 3.53041410446167e-01, 3.613794147968292e-01, 3.338185548782349e-01, 2.344139516353607e-01, 9.52332392334938e-02, 4.166800528764722e-02, 0e+00, 0e+00, 3.74930277466774e-02, 5.675555020570755e-02, 7.653031498193741e-02, 9.258681535720825e-02, 1.246635764837266e-01, 1.352312862873077e-01, 1.572998613119125e-01, 1.756664365530014e-01, 1.66109099984169e-01, 1.327740252017975e-01, 9.855960495769978e-03, 0e+00, 0e+00, 0e+00, 0e+00, 0e+00, 0e+00, 1.057859160937369e-03, 2.306736260652553e-02, 4.19343002140522e-02, 5.409200862050056e-02, 5.89730516076088e-02, 6.47541731595993e-02, 5.672848224639893e-02, 0e+00, 0e+00, 0e+00, 0e+00, 0e+00, 0e+00, 0e+00, 0e+00, 0e+00, 0e+00, 9.78520605713129e-03, 3.296316415071487e-02, 5.586109310388565e-02, 5.400322005152702e-02, 1.126022823154926e-02, 1.1315947631374e-03, 0e+00, 0e+00, 0e+00, 0e+00, 0e+00, 5.095880944281816e-03, 2.224946394562766e-02, 5.181778967380514e-02, 6.924047321081161e-02, 9.380405396223068e-02, 1.141566634178162e-01, 1.126913651823997e-01, 7.727796584367752e-02, 2.070209756493568e-02, 0e+00, 0e+00, 0e+00, 0e+00, 0e+00, 0e+00, 0e+00, 7.634512614458799e-03, 3.06121651083231e-02, 5.092134326696396e-02, 6.86977356672287e-02, 7.683524489402771e-02, 6.873790174722672e-02, 0e+00, 0e+00, 0e+00, 0e+00, 0e+00, 0e+00, 0e+00, 7.236102130264044e-03, 2.619905583560467e-02, 4.855876043438911e-02, 6.305069476366043e-02, 8.631779998540878e-02, 9.252049028873444e-02, 8.251767605543137e-02, 6.947465986013412e-02, 3.880162537097931e-02, 6.298323720693588e-02, 0e+00, 0e+00, 4.452887549996376e-02, 7.104054093360901e-02, 8.853111416101456e-02, 1.060755327343941e-01, 1.290099173784256e-01]
bui.disFloHea.mAct_flow[4].y=[0e+00, 7.472769916057587e-02, 7.537861913442612e-02, 7.711738348007202e-02, 7.684995234012604e-02, 3.115209937095642e-02, 0e+00, 0e+00, 0e+00, 0e+00, 0e+00, 0e+00, 0e+00, 1.292283297516406e-03, 3.595618763938553e-03, 5.615645553916693e-03, 1.071224454790354e-02, 1.708354055881501e-02, 2.065566927194595e-02, 3.336623078212142e-03, 0e+00, 0e+00, 0e+00, 0e+00, 0e+00, 0e+00, 0e+00, 0e+00, 0e+00, 0e+00, 0e+00, 0e+00, 0e+00, 0e+00, 0e+00, 0e+00, 0e+00, 0e+00, 0e+00, 0e+00, 0e+00, 0e+00, 0e+00, 0e+00, 0e+00, 0e+00, 0e+00, 0e+00, 0e+00, 0e+00, 0e+00, 0e+00, 0e+00, 0e+00, 0e+00, 0e+00, 0e+00, 0e+00, 0e+00, 0e+00, 0e+00, 0e+00, 0e+00, 0e+00, 0e+00, 0e+00, 0e+00, 0e+00, 0e+00, 0e+00, 0e+00, 0e+00, 0e+00, 0e+00, 0e+00, 0e+00, 0e+00, 0e+00, 0e+00, 0e+00, 0e+00, 0e+00, 0e+00, 0e+00, 0e+00, 0e+00, 0e+00, 0e+00, 0e+00, 0e+00, 0e+00, 0e+00, 0e+00, 0e+00, 0e+00, 0e+00, 0e+00, 0e+00, 0e+00, 0e+00, 0e+00]
bui.disFloHea.mAct_flow[5].y=[0e+00, 7.701575011014938e-02, 7.769111543893814e-02, 7.951576262712479e-02, 7.92657732963562e-02, 5.928460881114006e-02, 2.122861333191395e-02, 4.663564264774314e-03, 0e+00, 0e+00, 6.236664485186338e-03, 1.041522622108459e-02, 1.568783447146416e-02, 2.175026014447212e-02, 2.824386768043043e-02, 3.152914717793465e-02, 3.72982919216156e-02, 4.182949662208558e-02, 4.361267387866974e-02, 3.985211625695229e-02, 4.43173898383975e-03, 0e+00, 0e+00, 0e+00, 0e+00, 0e+00, 5.392188322730362e-04, 2.625458175316453e-03, 4.990129731595532e-03, 8.409508503973484e-03, 1.189255155622959e-02, 1.359856128692627e-02, 1.83107815682888e-02, 2.139194123446941e-02, 2.704714192077476e-03, 0e+00, 0e+00, 0e+00, 0e+00, 0e+00, 0e+00, 0e+00, 1.074119820259511e-03, 2.992122666910291e-03, 5.773541517555714e-03, 9.979760274291039e-03, 1.79920606315136e-02, 2.347542159259319e-02, 1.183572970330715e-02, 5.849188193678856e-03, 0e+00, 0e+00, 0e+00, 1.908488920889795e-03, 4.129972774535418e-03, 7.152159232646227e-03, 1.121031120419509e-02, 1.703696511685845e-02, 2.257058769464493e-02, 2.960805967450142e-02, 3.477606549859047e-02, 3.872597590088844e-02, 3.246729075908661e-02, 1.093894336372614e-02, 0e+00, 0e+00, 0e+00, 0e+00, 0e+00, 8.705218206159623e-04, 3.024675417691469e-03, 5.870167165994644e-03, 1.027885265648365e-02, 1.647076569497585e-02, 2.224012091755867e-02, 2.802478708326817e-02, 3.022062964737415e-02, 4.058192484080791e-03, 3.694811370223761e-03, 0e+00, 0e+00, 0e+00, 1.547024701721952e-03, 3.969339653849602e-03, 7.729929406195879e-03, 9.954975917935371e-03, 1.581468991935253e-02, 2.050824463367462e-02, 2.74686012417078e-02, 3.070078417658806e-02, 3.30183170735836e-02, 3.080233000218868e-02, 1.87506377696991e-02, 2.276445180177689e-02, 3.607242600992322e-03, 1.964295282959938e-03, 1.87859944999218e-02, 2.444580011069775e-02, 2.95642763376236e-02, 3.334090858697891e-02, 3.69068942964077e-02]
bui.disFloHea.mAct_flow[6].y=[0e+00, 0e+00, 0e+00, 0e+00, 0e+00, 0e+00, 0e+00, 0e+00, 0e+00, 0e+00, 0e+00, 0e+00, 0e+00, 0e+00, 0e+00, 0e+00, 0e+00, 0e+00, 0e+00, 0e+00, 0e+00, 0e+00, 0e+00, 0e+00, 0e+00, 0e+00, 0e+00, 0e+00, 0e+00, 0e+00, 0e+00, 0e+00, 0e+00, 0e+00, 0e+00, 0e+00, 0e+00, 0e+00, 0e+00, 0e+00, 0e+00, 0e+00, 0e+00, 0e+00, 0e+00, 0e+00, 0e+00, 0e+00, 0e+00, 0e+00, 0e+00, 0e+00, 0e+00, 0e+00, 0e+00, 0e+00, 0e+00, 0e+00, 0e+00, 0e+00, 0e+00, 0e+00, 0e+00, 0e+00, 0e+00, 0e+00, 0e+00, 0e+00, 0e+00, 0e+00, 0e+00, 0e+00, 0e+00, 0e+00, 0e+00, 0e+00, 0e+00, 0e+00, 0e+00, 0e+00, 0e+00, 0e+00, 0e+00, 0e+00, 0e+00, 0e+00, 0e+00, 0e+00, 0e+00, 0e+00, 0e+00, 0e+00, 0e+00, 0e+00, 0e+00, 0e+00, 0e+00, 0e+00, 0e+00, 0e+00, 0e+00]
supChiWat.T_in=[2.801499938964844e+02, 2.801499938964844e+02]
bui.terUni[1].T_aChiWat_nominal=[2.801499938964844e+02, 2.801499938964844e+02]
bui.terUni[2].T_aChiWat_nominal=[2.801499938964844e+02, 2.801499938964844e+02]
bui.terUni[3].T_aChiWat_nominal=[2.801499938964844e+02, 2.801499938964844e+02]
bui.terUni[4].T_aChiWat_nominal=[2.801499938964844e+02, 2.801499938964844e+02]
bui.terUni[5].T_aChiWat_nominal=[2.801499938964844e+02, 2.801499938964844e+02]
bui.terUni[6].T_aChiWat_nominal=[2.801499938964844e+02, 2.801499938964844e+02]
bui.disFloCoo.mAct_flow[1].y=[0e+00, 0e+00, 0e+00, 0e+00, 0e+00, 0e+00, 0e+00, 0e+00, 0e+00, 0e+00, 0e+00, 0e+00, 0e+00, 0e+00, 0e+00, 0e+00, 0e+00, 0e+00, 0e+00, 0e+00, 0e+00, 0e+00, 0e+00, 0e+00, 0e+00, 0e+00, 0e+00, 0e+00, 0e+00, 0e+00, 0e+00, 0e+00, 0e+00, 0e+00, 0e+00, 0e+00, 0e+00, 0e+00, 0e+00, 0e+00, 0e+00, 0e+00, 0e+00, 0e+00, 0e+00, 0e+00, 0e+00, 0e+00, 0e+00, 0e+00, 0e+00, 0e+00, 0e+00, 0e+00, 0e+00, 0e+00, 0e+00, 0e+00, 0e+00, 0e+00, 0e+00, 0e+00, 0e+00, 0e+00, 0e+00, 0e+00, 0e+00, 0e+00, 0e+00, 0e+00, 0e+00, 0e+00, 0e+00, 0e+00, 0e+00, 0e+00, 0e+00, 0e+00, 0e+00, 0e+00, 0e+00, 0e+00, 0e+00, 0e+00, 0e+00, 0e+00, 0e+00, 0e+00, 0e+00, 0e+00, 0e+00, 0e+00, 0e+00, 0e+00, 0e+00, 0e+00, 0e+00, 0e+00, 0e+00, 0e+00, 0e+00]
bui.disFloCoo.mAct_flow[2].y=[0e+00, 0e+00, 0e+00, 0e+00, 0e+00, 0e+00, 0e+00, 0e+00, 0e+00, 0e+00, 0e+00, 0e+00, 0e+00, 0e+00, 0e+00, 0e+00, 0e+00, 0e+00, 0e+00, 0e+00, 0e+00, 0e+00, 0e+00, 0e+00, 0e+00, 0e+00, 0e+00, 0e+00, 0e+00, 0e+00, 0e+00, 0e+00, 0e+00, 0e+00, 0e+00, 0e+00, 0e+00, 0e+00, 0e+00, 0e+00, 0e+00, 0e+00, 0e+00, 0e+00, 0e+00, 0e+00, 0e+00, 0e+00, 0e+00, 0e+00, 0e+00, 0e+00, 0e+00, 0e+00, 0e+00, 0e+00, 0e+00, 0e+00, 0e+00, 0e+00, 0e+00, 0e+00, 0e+00, 0e+00, 0e+00, 0e+00, 0e+00, 0e+00, 0e+00, 0e+00, 0e+00, 0e+00, 0e+00, 0e+00, 0e+00, 0e+00, 0e+00, 0e+00, 0e+00, 0e+00, 0e+00, 0e+00, 0e+00, 0e+00, 0e+00, 0e+00, 0e+00, 0e+00, 0e+00, 0e+00, 0e+00, 0e+00, 0e+00, 0e+00, 0e+00, 0e+00, 0e+00, 0e+00, 0e+00, 0e+00, 0e+00]
bui.disFloCoo.mAct_flow[3].y=[0e+00, 0e+00, 0e+00, 0e+00, 0e+00, 0e+00, 0e+00, 0e+00, 0e+00, 0e+00, 0e+00, 0e+00, 0e+00, 0e+00, 0e+00, 0e+00, 0e+00, 0e+00, 0e+00, 0e+00, 0e+00, 0e+00, 0e+00, 0e+00, 0e+00, 0e+00, 0e+00, 0e+00, 0e+00, 0e+00, 0e+00, 0e+00, 0e+00, 0e+00, 0e+00, 0e+00, 0e+00, 0e+00, 0e+00, 0e+00, 0e+00, 0e+00, 0e+00, 0e+00, 0e+00, 0e+00, 0e+00, 0e+00, 0e+00, 0e+00, 0e+00, 0e+00, 0e+00, 0e+00, 0e+00, 0e+00, 0e+00, 0e+00, 0e+00, 0e+00, 0e+00, 0e+00, 0e+00, 0e+00, 0e+00, 0e+00, 0e+00, 0e+00, 0e+00, 0e+00, 0e+00, 0e+00, 0e+00, 0e+00, 0e+00, 0e+00, 0e+00, 0e+00, 0e+00, 0e+00, 0e+00, 0e+00, 0e+00, 0e+00, 0e+00, 0e+00, 0e+00, 0e+00, 0e+00, 0e+00, 0e+00, 0e+00, 0e+00, 0e+00, 0e+00, 0e+00, 0e+00, 0e+00, 0e+00, 0e+00, 0e+00]
bui.disFloCoo.mAct_flow[4].y=[0e+00, 0e+00, 0e+00, 0e+00, 0e+00, 0e+00, 0e+00, 0e+00, 0e+00, 0e+00, 0e+00, 0e+00, 0e+00, 0e+00, 0e+00, 0e+00, 0e+00, 0e+00, 0e+00, 0e+00, 0e+00, 0e+00, 0e+00, 0e+00, 0e+00, 0e+00, 0e+00, 0e+00, 0e+00, 0e+00, 0e+00, 0e+00, 0e+00, 0e+00, 0e+00, 0e+00, 0e+00, 0e+00, 0e+00, 0e+00, 0e+00, 0e+00, 0e+00, 0e+00, 0e+00, 0e+00, 0e+00, 0e+00, 0e+00, 0e+00, 0e+00, 0e+00, 0e+00, 0e+00, 0e+00, 0e+00, 0e+00, 0e+00, 0e+00, 0e+00, 0e+00, 0e+00, 0e+00, 0e+00, 0e+00, 0e+00, 0e+00, 0e+00, 0e+00, 0e+00, 0e+00, 0e+00, 0e+00, 0e+00, 0e+00, 0e+00, 0e+00, 0e+00, 0e+00, 0e+00, 0e+00, 0e+00, 0e+00, 0e+00, 0e+00, 0e+00, 0e+00, 0e+00, 0e+00, 0e+00, 0e+00, 0e+00, 0e+00, 0e+00, 0e+00, 0e+00, 0e+00, 0e+00, 0e+00, 0e+00, 0e+00]
bui.disFloCoo.mAct_flow[5].y=[0e+00, 0e+00, 0e+00, 0e+00, 0e+00, 0e+00, 0e+00, 0e+00, 0e+00, 0e+00, 0e+00, 0e+00, 0e+00, 0e+00, 0e+00, 0e+00, 0e+00, 0e+00, 0e+00, 0e+00, 0e+00, 0e+00, 0e+00, 0e+00, 0e+00, 0e+00, 0e+00, 0e+00, 0e+00, 0e+00, 0e+00, 0e+00, 0e+00, 0e+00, 0e+00, 0e+00, 0e+00, 0e+00, 0e+00, 0e+00, 0e+00, 0e+00, 0e+00, 0e+00, 0e+00, 0e+00, 0e+00, 0e+00, 0e+00, 0e+00, 0e+00, 0e+00, 0e+00, 0e+00, 0e+00, 0e+00, 0e+00, 0e+00, 0e+00, 0e+00, 0e+00, 0e+00, 0e+00, 0e+00, 0e+00, 0e+00, 0e+00, 0e+00, 0e+00, 0e+00, 0e+00, 0e+00, 0e+00, 0e+00, 0e+00, 0e+00, 0e+00, 0e+00, 0e+00, 0e+00, 0e+00, 0e+00, 0e+00, 0e+00, 0e+00, 0e+00, 0e+00, 0e+00, 0e+00, 0e+00, 0e+00, 0e+00, 0e+00, 0e+00, 0e+00, 0e+00, 0e+00, 0e+00, 0e+00, 0e+00, 0e+00]
bui.disFloCoo.mAct_flow[6].y=[0e+00, 2.500766515731812e-01, 2.573823034763336e-01, 2.635602653026581e-01, 2.702052593231201e-01, 2.851890623569489e-01, 3.081072270870209e-01, 3.216609954833984e-01, 3.342141211032867e-01, 3.435110449790955e-01, 3.340521454811096e-01, 3.358298540115356e-01, 3.375110924243927e-01, 3.387373387813568e-01, 3.393245041370392e-01, 3.410044312477112e-01, 3.410769402980804e-01, 3.414631187915802e-01, 3.430757820606232e-01, 3.471406400203705e-01, 3.663355112075806e-01, 3.805253505706787e-01, 3.906560242176056e-01, 3.940915465354919e-01, 3.833524286746979e-01, 3.809507489204407e-01, 3.800331950187683e-01, 3.781382441520691e-01, 3.768699765205383e-01, 3.756818473339081e-01, 3.751992285251617e-01, 3.757233917713165e-01, 3.74829113483429e-01, 3.745171129703522e-01, 3.864322006702424e-01, 3.988290131092072e-01, 4.085187017917633e-01, 4.118757843971252e-01, 4.054454565048218e-01, 3.986960649490356e-01, 3.961190283298492e-01, 3.934260904788971e-01, 3.909817039966583e-01, 3.888908624649048e-01, 3.865797221660614e-01, 3.844552934169769e-01, 3.81456047296524e-01, 3.797573149204254e-01, 3.850923776626587e-01, 3.891296684741974e-01, 4.02187317609787e-01, 4.092387855052948e-01, 4.017928540706635e-01, 3.941522240638733e-01, 3.916756510734558e-01, 3.894610404968262e-01, 3.875613510608673e-01, 3.853876292705536e-01, 3.834297657012939e-01, 3.805530369281769e-01, 3.783344328403473e-01, 3.765966892242432e-01, 3.797634243965149e-01, 3.88945609331131e-01, 4.04507577419281e-01, 4.168207049369812e-01, 4.184522926807404e-01, 4.031801223754883e-01, 3.99977684020996e-01, 3.968620598316193e-01, 3.940612375736237e-01, 3.914200663566589e-01, 3.889350891113281e-01, 3.864929974079132e-01, 3.844159841537476e-01, 3.821379840373993e-01, 3.812802731990814e-01, 3.944774270057678e-01, 3.949427306652069e-01, 4.085334539413452e-01, 4.127628803253174e-01, 4.029091000556944e-01, 3.972063362598419e-01, 3.941914737224579e-01, 3.912376761436462e-01, 3.903604745864868e-01, 3.879123330116272e-01, 3.862121105194092e-01, 3.833417892456055e-01, 3.820410966873169e-01, 3.810933530330658e-01, 3.821940422058105e-01, 3.873019516468048e-01, 3.856592178344727e-01, 3.961051404476166e-01, 3.984346985816956e-01, 3.873158693313599e-01, 3.8509202003479e-01, 3.829209208488464e-01, 3.812468647956848e-01, 3.795672655105591e-01]
