last-generated=2021-09-27
statistics-initialization=
{
  "linear": "19",
  "nonlinear": "14, 1, 1",
  "numerical Jacobians": "0"
}
statistics-simulation=
{
  "linear": "11, 0, 0, 0, 0, 0, 0, 0, 0, 0, 0, 0, 0",
  "nonlinear": "1, 1",
  "number of continuous time states": "67",
  "numerical Jacobians": "0"
}
time=[0e+00, 8.64e+05]
con.TZonCooSet=[3.031499938964844e+02, 3.031499938964844e+02, 3.031499938964844e+02, 3.031499938964844e+02, 2.981499938964844e+02, 2.981499938964844e+02, 2.981499938964844e+02, 2.981499938964844e+02, 3.031499938964844e+02, 3.031499938964844e+02, 3.031499938964844e+02, 3.031499938964844e+02, 3.031499938964844e+02, 3.031499938964844e+02, 2.981499938964844e+02, 2.981499938964844e+02, 2.981499938964844e+02, 2.981499938964844e+02, 3.031499938964844e+02, 3.031499938964844e+02, 3.031499938964844e+02, 3.031499938964844e+02, 3.031499938964844e+02, 3.031499938964844e+02, 2.981499938964844e+02, 2.981499938964844e+02, 2.981499938964844e+02, 2.981499938964844e+02, 3.031499938964844e+02, 3.031499938964844e+02, 3.031499938964844e+02, 3.031499938964844e+02, 3.031499938964844e+02, 3.031499938964844e+02, 2.981499938964844e+02, 2.981499938964844e+02, 2.981499938964844e+02, 2.981499938964844e+02, 3.031499938964844e+02, 3.031499938964844e+02, 3.031499938964844e+02, 3.031499938964844e+02, 3.031499938964844e+02, 3.031499938964844e+02, 2.981499938964844e+02, 2.981499938964844e+02, 2.981499938964844e+02, 2.981499938964844e+02, 3.031499938964844e+02, 3.031499938964844e+02, 3.031499938964844e+02, 3.031499938964844e+02, 3.031499938964844e+02, 3.031499938964844e+02, 2.981499938964844e+02, 2.981499938964844e+02, 2.981499938964844e+02, 2.981499938964844e+02, 3.031499938964844e+02, 3.031499938964844e+02, 3.031499938964844e+02, 3.031499938964844e+02, 3.031499938964844e+02, 3.031499938964844e+02, 2.981499938964844e+02, 2.981499938964844e+02, 2.981499938964844e+02, 2.981499938964844e+02, 3.031499938964844e+02, 3.031499938964844e+02, 3.031499938964844e+02, 3.031499938964844e+02, 3.031499938964844e+02, 3.031499938964844e+02, 2.981499938964844e+02, 2.981499938964844e+02, 2.981499938964844e+02, 2.981499938964844e+02, 3.031499938964844e+02, 3.031499938964844e+02, 3.031499938964844e+02, 3.031499938964844e+02, 3.031499938964844e+02, 3.031499938964844e+02, 2.981499938964844e+02, 2.981499938964844e+02, 2.981499938964844e+02, 2.981499938964844e+02, 3.031499938964844e+02, 3.031499938964844e+02, 3.031499938964844e+02, 3.031499938964844e+02, 3.031499938964844e+02, 3.031499938964844e+02, 2.981499938964844e+02, 2.981499938964844e+02, 2.981499938964844e+02, 2.981499938964844e+02, 3.031499938964844e+02, 3.031499938964844e+02, 3.031499938964844e+02]
con.TZonHeaSet=[2.881499938964844e+02, 2.881499938964844e+02, 2.881499938964844e+02, 2.881499938964844e+02, 2.931499938964844e+02, 2.931499938964844e+02, 2.931499938964844e+02, 2.931499938964844e+02, 2.881499938964844e+02, 2.881499938964844e+02, 2.881499938964844e+02, 2.881499938964844e+02, 2.881499938964844e+02, 2.881499938964844e+02, 2.931499938964844e+02, 2.931499938964844e+02, 2.931499938964844e+02, 2.931499938964844e+02, 2.881499938964844e+02, 2.881499938964844e+02, 2.881499938964844e+02, 2.881499938964844e+02, 2.881499938964844e+02, 2.881499938964844e+02, 2.931499938964844e+02, 2.931499938964844e+02, 2.931499938964844e+02, 2.931499938964844e+02, 2.881499938964844e+02, 2.881499938964844e+02, 2.881499938964844e+02, 2.881499938964844e+02, 2.881499938964844e+02, 2.881499938964844e+02, 2.931499938964844e+02, 2.931499938964844e+02, 2.931499938964844e+02, 2.931499938964844e+02, 2.881499938964844e+02, 2.881499938964844e+02, 2.881499938964844e+02, 2.881499938964844e+02, 2.881499938964844e+02, 2.881499938964844e+02, 2.931499938964844e+02, 2.931499938964844e+02, 2.931499938964844e+02, 2.931499938964844e+02, 2.881499938964844e+02, 2.881499938964844e+02, 2.881499938964844e+02, 2.881499938964844e+02, 2.881499938964844e+02, 2.881499938964844e+02, 2.931499938964844e+02, 2.931499938964844e+02, 2.931499938964844e+02, 2.931499938964844e+02, 2.881499938964844e+02, 2.881499938964844e+02, 2.881499938964844e+02, 2.881499938964844e+02, 2.881499938964844e+02, 2.881499938964844e+02, 2.931499938964844e+02, 2.931499938964844e+02, 2.931499938964844e+02, 2.931499938964844e+02, 2.881499938964844e+02, 2.881499938964844e+02, 2.881499938964844e+02, 2.881499938964844e+02, 2.881499938964844e+02, 2.881499938964844e+02, 2.931499938964844e+02, 2.931499938964844e+02, 2.931499938964844e+02, 2.931499938964844e+02, 2.881499938964844e+02, 2.881499938964844e+02, 2.881499938964844e+02, 2.881499938964844e+02, 2.881499938964844e+02, 2.881499938964844e+02, 2.931499938964844e+02, 2.931499938964844e+02, 2.931499938964844e+02, 2.931499938964844e+02, 2.881499938964844e+02, 2.881499938964844e+02, 2.881499938964844e+02, 2.881499938964844e+02, 2.881499938964844e+02, 2.881499938964844e+02, 2.931499938964844e+02, 2.931499938964844e+02, 2.931499938964844e+02, 2.931499938964844e+02, 2.881499938964844e+02, 2.881499938964844e+02, 2.881499938964844e+02]
con.TZon=[2.931499938964844e+02, 2.881499763992718e+02, 2.881490051269531e+02, 2.881514465332031e+02, 2.931616638183594e+02, 2.981533508300781e+02, 2.981488586425781e+02, 2.981309265136719e+02, 2.922174438476562e+02, 2.882974060058594e+02, 2.88146728515625e+02, 2.881483276367188e+02, 2.881490356445312e+02, 2.88149462890625e+02, 2.931556213378906e+02, 2.931499633789062e+02, 2.931495544433594e+02, 2.931482788085938e+02, 2.881391235351563e+02, 2.881486877441406e+02, 2.881499938964844e+02, 2.881501770019531e+02, 2.881494567871094e+02, 2.881502990722656e+02, 2.931611450195313e+02, 2.949493408203125e+02, 2.981411926269531e+02, 2.933988556947718e+02, 2.88133154296875e+02, 2.881483093261719e+02, 2.881490173339844e+02, 2.881495910644531e+02, 2.88149853515625e+02, 2.881518432617187e+02, 2.931719055175781e+02, 2.981519470214844e+02, 2.98148876953125e+02, 2.961048637408155e+02, 2.881359252929688e+02, 2.881476684570313e+02, 2.881495971679688e+02, 2.881504455566406e+02, 2.881492248535156e+02, 2.881520751953125e+02, 2.958443328901243e+02, 2.9815185546875e+02, 2.981489440917969e+02, 2.981272277832031e+02, 2.90463290309788e+02, 2.881469116210938e+02, 2.881494750976562e+02, 2.881503662109375e+02, 2.881488403320312e+02, 2.881517822265625e+02, 2.970965322750171e+02, 2.981521606445312e+02, 2.981474609375e+02, 2.981305541992188e+02, 2.920181518554688e+02, 2.883235534667969e+02, 2.881505432128906e+02, 2.881489318847656e+02, 2.881497619628906e+02, 2.881520385742188e+02, 2.973876570423153e+02, 2.981518859863281e+02, 2.981484558105469e+02, 2.981305786132813e+02, 2.913211669921875e+02, 2.881462023157514e+02, 2.881486206054688e+02, 2.881497497558594e+02, 2.881507141113281e+02, 2.881515808105469e+02, 2.960966310499024e+02, 2.981522827148438e+02, 2.981485412597656e+02, 2.981317504882812e+02, 2.915928894042969e+02, 2.881460185135945e+02, 2.881486206054688e+02, 2.88149755859375e+02, 2.881501220703125e+02, 2.881528686523437e+02, 2.975317277692482e+02, 2.981519775390625e+02, 2.9814814453125e+02, 2.981352783203125e+02, 2.922191833496094e+02, 2.882843446358397e+02, 2.881488342285156e+02, 2.881504150390625e+02, 2.881494201660156e+02, 2.8815185546875e+02, 2.975612114483594e+02, 2.981558837890625e+02, 2.981473388671875e+02, 2.98143115234375e+02, 2.927476040341763e+02, 2.882858703613281e+02, 2.881487121582031e+02]
con.yFan=[0e+00, 1.000000014901161e-01, 1.000000014901161e-01, 1.000000014901161e-01, 1.000000014901161e-01, 4.391059875488281e-01, 5.299316763877868e-01, 1.376557528972622e-01, 0e+00, 1.000000014901161e-01, 1.000000014901161e-01, 1.000000014901161e-01, 1.000000014901161e-01, 1.000000014901161e-01, 1.000000014901161e-01, 1.000000014901161e-01, 1.000000014901161e-01, 1.000000014901161e-01, 1.000000014901161e-01, 1.000000014901161e-01, 1.000000014901161e-01, 1.000000014901161e-01, 1.000000014901161e-01, 1.000000014901161e-01, 1.022201135754585e-01, 1.000000014901161e-01, 1.000000014901161e-01, 1.000000014901161e-01, 1.000000014901161e-01, 1.000000014901161e-01, 1.000000014901161e-01, 1.000000014901161e-01, 1.000000014901161e-01, 1.000000014901161e-01, 1.000000014901161e-01, 3.184042572975159e-01, 3.530557751655579e-01, 1.000000014901161e-01, 1.000000014901161e-01, 1.000000014901161e-01, 1.000000014901161e-01, 1.000000014901161e-01, 1.000000014901161e-01, 1.000000014901161e-01, 1.000000014901161e-01, 4.645746946334839e-01, 4.863425731658936e-01, 1.305004000663757e-01, 0e+00, 1.000000014901161e-01, 1.000000014901161e-01, 1.000000014901161e-01, 1.000000014901161e-01, 1.000000014901161e-01, 1.000000014901161e-01, 5.959436893463158e-01, 5.791308879852274e-01, 1.387118637561829e-01, 0e+00, 1.000000014901161e-01, 1.000000014901161e-01, 1.000000014901161e-01, 1.000000014901161e-01, 1.000000014901161e-01, 1.000000014901161e-01, 6.064358353614807e-01, 5.381710886955261e-01, 1.377367615699768e-01, 0e+00, 1.000000014901161e-01, 1.000000014901161e-01, 1.000000014901161e-01, 1.000000014901161e-01, 1.000000014901161e-01, 1.000000014901161e-01, 5.743491649627686e-01, 5.356318593025208e-01, 1.386964917182922e-01, 0e+00, 1.000000014901161e-01, 1.000000014901161e-01, 1.000000014901161e-01, 1.000000014901161e-01, 1.000000014901161e-01, 1.000000014901161e-01, 5.941752791404724e-01, 5.72528076171875e-01, 1.419174373149872e-01, 0e+00, 1.000000014901161e-01, 1.000000014901161e-01, 1.000000014901161e-01, 1.000000014901161e-01, 1.000000014901161e-01, 1.000000014901161e-01, 7.62625515460968e-01, 7.873424410820007e-01, 1.432757556438446e-01, 0e+00, 1.000000014901161e-01, 1.000000014901161e-01]
con.yHeaCoi=[0e+00, 1.340775026232495e-01, 1.936306923627854e-01, 1.744771718978882e-01, 1.207213468849659e-01, 0e+00, 0e+00, 4.06608521938325e-02, 0e+00, 1.177691638469696e-01, 2.302373796701431e-01, 2.997061312198639e-01, 3.422389149665833e-01, 3.72461199760437e-01, 5.615818023681638e-01, 5.106015205383301e-01, 5.297962903976441e-01, 5.903010606765747e-01, 3.733276605606079e-01, 4.515710711479187e-01, 4.711566865444183e-01, 4.700300276279449e-01, 4.804694056510925e-01, 4.911768019199371e-01, 6.789406776428223e-01, 1.714770197868347e-01, 1.101912245154381e-01, 9.520637965044727e-01, 3.53967326879502e-01, 4.690946042537688e-01, 5.050554871559143e-01, 5.391982913017273e-01, 5.424032568931579e-01, 5.111731290817261e-01, 2.410870760679245e-01, 0e+00, 0e+00, 1.483669553998983e-01, 3.015539109706878e-01, 4.499147117137909e-01, 4.677947163581848e-01, 4.592345595359802e-01, 3.509621083736419e-01, 3.25237026810646e-01, 8.166000319118101e-02, 0e+00, 0e+00, 7.752102613449097e-02, 0e+00, 1.80646350979805e-01, 2.315598279237747e-01, 2.44717001914978e-01, 2.369264662265778e-01, 2.196587070822716e-01, 2.818662537645004e-02, 0e+00, 0e+00, 4.831009209155938e-02, 0e+00, 1.1718969643116e-01, 1.540187299251556e-01, 2.12986233830452e-01, 2.395873814821243e-01, 2.093370467424393e-01, 2.124535939237984e-02, 0e+00, 0e+00, 5.07243037223816e-02, 0e+00, 1.731353586153062e-01, 2.48760849237442e-01, 2.646944761276245e-01, 2.510066092014313e-01, 2.280526012182236e-01, 7.293414590689432e-02, 0e+00, 0e+00, 4.538684487342835e-02, 0e+00, 1.695536534089853e-01, 2.567653656005859e-01, 2.760896623134613e-01, 2.729077517986297e-01, 2.234444186091423e-01, 1.550698244888293e-02, 0e+00, 0e+00, 2.59315699338913e-02, 0e+00, 1.205574269652644e-01, 1.946163922548294e-01, 1.721142113208771e-01, 1.71183654665947e-01, 1.57388237118721e-01, 1.194057888411555e-02, 0e+00, 0e+00, 0e+00, 0e+00, 8.081409037113189e-02, 1.918410956859589e-01]
con.yCooCoi=[0e+00, 0e+00, 0e+00, 0e+00, 0e+00, 0e+00, 0e+00, 0e+00, 0e+00, 0e+00, 0e+00, 0e+00, 0e+00, 0e+00, 0e+00, 0e+00, 0e+00, 0e+00, 0e+00, 0e+00, 0e+00, 0e+00, 0e+00, 0e+00, 0e+00, 0e+00, 0e+00, 0e+00, 0e+00, 0e+00, 0e+00, 0e+00, 0e+00, 0e+00, 0e+00, 0e+00, 0e+00, 0e+00, 0e+00, 0e+00, 0e+00, 0e+00, 0e+00, 0e+00, 0e+00, 0e+00, 0e+00, 0e+00, 0e+00, 0e+00, 0e+00, 0e+00, 0e+00, 0e+00, 0e+00, 0e+00, 0e+00, 0e+00, 0e+00, 0e+00, 0e+00, 0e+00, 0e+00, 0e+00, 0e+00, 0e+00, 0e+00, 0e+00, 0e+00, 0e+00, 0e+00, 0e+00, 0e+00, 0e+00, 0e+00, 0e+00, 0e+00, 0e+00, 0e+00, 0e+00, 0e+00, 0e+00, 0e+00, 0e+00, 0e+00, 0e+00, 0e+00, 0e+00, 0e+00, 0e+00, 0e+00, 0e+00, 0e+00, 0e+00, 0e+00, 0e+00, 0e+00, 0e+00, 0e+00, 0e+00, 0e+00]
