last-generated=2020-09-04
statistics-initialization=
{
  "nonlinear": "1, 1, 1, 1, 2, 5, 4, 1, 1, 1",
  "numerical Jacobians": "0"
}
statistics-simulation=
{
  "linear": "0, 2",
  "nonlinear": "1, 0, 1, 4, 1, 2, 1, 1",
  "number of continuous time states": "57",
  "numerical Jacobians": "0"
}
time=[0e+00, 8.64e+04]
cooModCon.y=[1e+00, 1e+00, 2e+00, 1e+00, 1e+00, 1e+00, 1e+00, 1e+00, 1e+00, 1e+00, 1e+00, 1e+00, 1e+00, 1e+00, 1e+00, 1e+00, 1e+00, 1e+00, 1e+00, 1e+00, 1e+00, 1e+00, 1e+00, 1e+00, 1e+00, 1e+00, 1e+00, 1e+00, 1e+00, 1e+00, 1e+00, 1e+00, 1e+00, 1e+00, 1e+00, 1e+00, 1e+00, 1e+00, 1e+00, 1e+00, 1e+00, 1e+00, 2e+00, 2e+00, 2e+00, 2e+00, 2e+00, 2e+00, 2e+00, 2e+00, 2e+00, 2e+00, 2e+00, 2e+00, 2e+00, 2e+00, 2e+00, 2e+00, 2e+00, 2e+00, 2e+00, 2e+00, 2e+00, 2e+00, 2e+00, 2e+00, 2e+00, 2e+00, 2e+00, 2e+00, 2e+00, 2e+00, 2e+00, 2e+00, 2e+00, 2e+00, 2e+00, 1e+00, 1e+00, 1e+00, 1e+00, 1e+00, 1e+00, 1e+00, 1e+00, 1e+00, 1e+00, 1e+00, 1e+00, 1e+00, 1e+00, 1e+00, 1e+00, 1e+00, 1e+00, 1e+00, 1e+00, 1e+00, 1e+00, 1e+00, 1e+00]
chiOn[1].u=[0e+00, 0e+00, 1e+00, 0e+00, 0e+00, 0e+00, 0e+00, 0e+00, 0e+00, 0e+00, 0e+00, 0e+00, 0e+00, 0e+00, 0e+00, 0e+00, 0e+00, 0e+00, 0e+00, 0e+00, 0e+00, 0e+00, 0e+00, 0e+00, 0e+00, 0e+00, 0e+00, 0e+00, 0e+00, 0e+00, 0e+00, 0e+00, 0e+00, 0e+00, 0e+00, 0e+00, 0e+00, 0e+00, 0e+00, 0e+00, 0e+00, 0e+00, 1e+00, 1e+00, 1e+00, 1e+00, 1e+00, 1e+00, 1e+00, 1e+00, 1e+00, 1e+00, 1e+00, 1e+00, 1e+00, 1e+00, 1e+00, 1e+00, 1e+00, 1e+00, 1e+00, 1e+00, 1e+00, 1e+00, 1e+00, 1e+00, 1e+00, 1e+00, 1e+00, 1e+00, 1e+00, 1e+00, 1e+00, 1e+00, 1e+00, 1e+00, 1e+00, 0e+00, 0e+00, 0e+00, 0e+00, 0e+00, 0e+00, 0e+00, 0e+00, 0e+00, 0e+00, 0e+00, 0e+00, 0e+00, 0e+00, 0e+00, 0e+00, 0e+00, 0e+00, 0e+00, 0e+00, 0e+00, 0e+00, 0e+00, 0e+00]
chiOn[2].u=[0e+00, 0e+00, 0e+00, 0e+00, 0e+00, 0e+00, 0e+00, 0e+00, 0e+00, 0e+00, 0e+00, 0e+00, 0e+00, 0e+00, 0e+00, 0e+00, 0e+00, 0e+00, 0e+00, 0e+00, 0e+00, 0e+00, 0e+00, 0e+00, 0e+00, 0e+00, 0e+00, 0e+00, 0e+00, 0e+00, 0e+00, 0e+00, 0e+00, 0e+00, 0e+00, 0e+00, 0e+00, 0e+00, 0e+00, 0e+00, 0e+00, 0e+00, 0e+00, 0e+00, 0e+00, 0e+00, 0e+00, 0e+00, 0e+00, 0e+00, 0e+00, 0e+00, 0e+00, 0e+00, 0e+00, 0e+00, 0e+00, 0e+00, 0e+00, 0e+00, 0e+00, 0e+00, 0e+00, 0e+00, 0e+00, 0e+00, 0e+00, 0e+00, 0e+00, 0e+00, 0e+00, 0e+00, 0e+00, 0e+00, 0e+00, 0e+00, 0e+00, 0e+00, 0e+00, 0e+00, 0e+00, 0e+00, 0e+00, 0e+00, 0e+00, 0e+00, 0e+00, 0e+00, 0e+00, 0e+00, 0e+00, 0e+00, 0e+00, 0e+00, 0e+00, 0e+00, 0e+00, 0e+00, 0e+00, 0e+00, 0e+00]
wseOn.y=[1e+00, 1e+00, 1e+00, 1e+00, 1e+00, 1e+00, 1e+00, 1e+00, 1e+00, 1e+00, 1e+00, 1e+00, 1e+00, 1e+00, 1e+00, 1e+00, 1e+00, 1e+00, 1e+00, 1e+00, 1e+00, 1e+00, 1e+00, 1e+00, 1e+00, 1e+00, 1e+00, 1e+00, 1e+00, 1e+00, 1e+00, 1e+00, 1e+00, 1e+00, 1e+00, 1e+00, 1e+00, 1e+00, 1e+00, 1e+00, 1e+00, 1e+00, 1e+00, 1e+00, 1e+00, 1e+00, 1e+00, 1e+00, 1e+00, 1e+00, 1e+00, 1e+00, 1e+00, 1e+00, 1e+00, 1e+00, 1e+00, 1e+00, 1e+00, 1e+00, 1e+00, 1e+00, 1e+00, 1e+00, 1e+00, 1e+00, 1e+00, 1e+00, 1e+00, 1e+00, 1e+00, 1e+00, 1e+00, 1e+00, 1e+00, 1e+00, 1e+00, 1e+00, 1e+00, 1e+00, 1e+00, 1e+00, 1e+00, 1e+00, 1e+00, 1e+00, 1e+00, 1e+00, 1e+00, 1e+00, 1e+00, 1e+00, 1e+00, 1e+00, 1e+00, 1e+00, 1e+00, 1e+00, 1e+00, 1e+00, 1e+00]
TCWSup.T=[2.931499938964844e+02, 2.733481140136719e+02, 2.743569641113281e+02, 2.749655456542969e+02, 2.757943115234375e+02, 2.759494018554688e+02, 2.761877136230469e+02, 2.764712829589844e+02, 2.767770385742188e+02, 2.770889282226562e+02, 2.773910827636719e+02, 2.776901550292969e+02, 2.779984130859375e+02, 2.783580017089844e+02, 2.788186340332031e+02, 2.781337890625e+02, 2.779671325683594e+02, 2.778832702636719e+02, 2.77814208984375e+02, 2.777452697753906e+02, 2.776900939941406e+02, 2.776574096679688e+02, 2.776246337890625e+02, 2.776246337890625e+02, 2.776295471191406e+02, 2.77637939453125e+02, 2.7767822265625e+02, 2.777149658203125e+02, 2.777364196777344e+02, 2.777144775390625e+02, 2.776636352539062e+02, 2.776406860351562e+02, 2.776437683105469e+02, 2.776691284179688e+02, 2.776961364746094e+02, 2.77707763671875e+02, 2.777800598144531e+02, 2.780860290527344e+02, 2.784513854980469e+02, 2.788619079589844e+02, 2.792044677734375e+02, 2.794131164550781e+02, 2.797302551269531e+02, 2.795588073730469e+02, 2.794610900878906e+02, 2.794443969726562e+02, 2.795417785644531e+02, 2.797257385253906e+02, 2.79934326171875e+02, 2.801339416503906e+02, 2.802904357910156e+02, 2.803836059570312e+02, 2.804332580566406e+02, 2.804626159667969e+02, 2.804946899414062e+02, 2.805655822753906e+02, 2.806797180175781e+02, 2.807728881835938e+02, 2.807872009277344e+02, 2.807046203613281e+02, 2.806304931640625e+02, 2.805748901367188e+02, 2.805338439941406e+02, 2.805052490234375e+02, 2.804931640625e+02, 2.804837646484375e+02, 2.804603881835938e+02, 2.803962097167969e+02, 2.801275634765625e+02, 2.797044677734375e+02, 2.792661437988281e+02, 2.789517211914062e+02, 2.787866516113281e+02, 2.786884155273438e+02, 2.785887756347656e+02, 2.784186096191406e+02, 2.781477355957031e+02, 2.785390014648438e+02, 2.776943664550781e+02, 2.77693115234375e+02, 2.776968994140625e+02, 2.776929931640625e+02, 2.776907653808594e+02, 2.776893005371094e+02, 2.776871948242188e+02, 2.776856994628906e+02, 2.776862487792969e+02, 2.776884155273438e+02, 2.776897277832031e+02, 2.776881408691406e+02, 2.77688232421875e+02, 2.776899108886719e+02, 2.776943359375e+02, 2.777026062011719e+02, 2.777064514160156e+02, 2.777056274414062e+02, 2.776983947753906e+02, 2.776727600097656e+02, 2.776614685058594e+02, 2.776679992675781e+02, 2.776880798339844e+02]
TCWRet.T=[2.931499938964844e+02, 2.733482666015625e+02, 2.748460388183594e+02, 2.752640686035156e+02, 2.760496826171875e+02, 2.762178039550781e+02, 2.764789733886719e+02, 2.767918701171875e+02, 2.771315612792969e+02, 2.774805908203125e+02, 2.778214111328125e+02, 2.781596984863281e+02, 2.785069885253906e+02, 2.789114990234375e+02, 2.794236450195312e+02, 2.788235168457031e+02, 2.78693603515625e+02, 2.786275329589844e+02, 2.785741882324219e+02, 2.785209655761719e+02, 2.785093078613281e+02, 2.785155334472656e+02, 2.785374145507812e+02, 2.785736694335938e+02, 2.786192932128906e+02, 2.786706237792969e+02, 2.787534790039062e+02, 2.788314208984375e+02, 2.788938903808594e+02, 2.789131774902344e+02, 2.789033813476562e+02, 2.78921630859375e+02, 2.789660034179688e+02, 2.7903271484375e+02, 2.791011962890625e+02, 2.791541748046875e+02, 2.792646179199219e+02, 2.796136779785156e+02, 2.800210571289062e+02, 2.804734802246094e+02, 2.808575439453125e+02, 2.811074829101562e+02, 2.815990905761719e+02, 2.813563537597656e+02, 2.812293395996094e+02, 2.812015380859375e+02, 2.812946472167969e+02, 2.814791259765625e+02, 2.816898498535156e+02, 2.818923645019531e+02, 2.82052001953125e+02, 2.821475830078125e+02, 2.821985473632812e+02, 2.822284545898438e+02, 2.822605895996094e+02, 2.823309631347656e+02, 2.824461669921875e+02, 2.825415649414062e+02, 2.825583801269531e+02, 2.82475830078125e+02, 2.824003601074219e+02, 2.823437194824219e+02, 2.823019104003906e+02, 2.822726135253906e+02, 2.822601318359375e+02, 2.82250732421875e+02, 2.822275695800781e+02, 2.821649169921875e+02, 2.818982238769531e+02, 2.814722595214844e+02, 2.8102783203125e+02, 2.807059020996094e+02, 2.805348510742188e+02, 2.804335327148438e+02, 2.803323974609375e+02, 2.801607360839844e+02, 2.798856201171875e+02, 2.803439636230469e+02, 2.794551391601562e+02, 2.794263916015625e+02, 2.794207763671875e+02, 2.794143371582031e+02, 2.794116516113281e+02, 2.794103088378906e+02, 2.794083862304688e+02, 2.794070434570312e+02, 2.794076232910156e+02, 2.794098205566406e+02, 2.794112243652344e+02, 2.794096069335938e+02, 2.794096984863281e+02, 2.79411376953125e+02, 2.794157104492188e+02, 2.794240417480469e+02, 2.794278869628906e+02, 2.794270935058594e+02, 2.794199829101562e+02, 2.793942260742188e+02, 2.793828735351562e+02, 2.79389404296875e+02, 2.794094848632812e+02]
TCWSupSet.y=[2.887099914550781e+02, 2.887099914550781e+02, 2.887099914550781e+02, 2.887099914550781e+02, 2.887099914550781e+02, 2.887099914550781e+02, 2.887099914550781e+02, 2.887099914550781e+02, 2.887099914550781e+02, 2.887099914550781e+02, 2.887099914550781e+02, 2.887099914550781e+02, 2.887099914550781e+02, 2.887099914550781e+02, 2.887099914550781e+02, 2.887099914550781e+02, 2.887099914550781e+02, 2.887099914550781e+02, 2.887099914550781e+02, 2.887099914550781e+02, 2.887099914550781e+02, 2.887099914550781e+02, 2.887099914550781e+02, 2.887099914550781e+02, 2.887099914550781e+02, 2.887099914550781e+02, 2.887099914550781e+02, 2.887099914550781e+02, 2.887099914550781e+02, 2.887099914550781e+02, 2.887099914550781e+02, 2.887099914550781e+02, 2.887099914550781e+02, 2.887099914550781e+02, 2.887099914550781e+02, 2.887099914550781e+02, 2.887099914550781e+02, 2.887099914550781e+02, 2.887099914550781e+02, 2.887099914550781e+02, 2.887099914550781e+02, 2.887099914550781e+02, 2.887099914550781e+02, 2.887099914550781e+02, 2.887099914550781e+02, 2.887099914550781e+02, 2.887099914550781e+02, 2.887099914550781e+02, 2.887099914550781e+02, 2.887099914550781e+02, 2.887099914550781e+02, 2.887099914550781e+02, 2.887099914550781e+02, 2.887099914550781e+02, 2.887099914550781e+02, 2.887099914550781e+02, 2.887099914550781e+02, 2.887099914550781e+02, 2.887099914550781e+02, 2.887099914550781e+02, 2.887099914550781e+02, 2.887099914550781e+02, 2.887099914550781e+02, 2.887099914550781e+02, 2.887099914550781e+02, 2.887099914550781e+02, 2.887099914550781e+02, 2.887099914550781e+02, 2.887099914550781e+02, 2.887099914550781e+02, 2.887099914550781e+02, 2.887099914550781e+02, 2.887099914550781e+02, 2.887099914550781e+02, 2.887099914550781e+02, 2.887099914550781e+02, 2.887099914550781e+02, 2.887099914550781e+02, 2.887099914550781e+02, 2.887099914550781e+02, 2.887099914550781e+02, 2.887099914550781e+02, 2.887099914550781e+02, 2.887099914550781e+02, 2.887099914550781e+02, 2.887099914550781e+02, 2.887099914550781e+02, 2.887099914550781e+02, 2.887099914550781e+02, 2.887099914550781e+02, 2.887099914550781e+02, 2.887099914550781e+02, 2.887099914550781e+02, 2.887099914550781e+02, 2.887099914550781e+02, 2.887099914550781e+02, 2.887099914550781e+02, 2.887099914550781e+02, 2.887099914550781e+02, 2.887099914550781e+02, 2.887099914550781e+02]
TCHWSup.T=[2.931499938964844e+02, 2.931499938964844e+02, 2.768280944824219e+02, 2.762196655273438e+02, 2.769158935546875e+02, 2.771261596679688e+02, 2.774638671875e+02, 2.778756103515625e+02, 2.783302307128906e+02, 2.788053588867188e+02, 2.792777404785156e+02, 2.797493286132812e+02, 2.802290649414062e+02, 2.807833862304688e+02, 2.814714660644531e+02, 2.811675109863281e+02, 2.811623840332031e+02, 2.811567077636719e+02, 2.811567687988281e+02, 2.811569213867188e+02, 2.811624145507812e+02, 2.811585693359375e+02, 2.811560668945312e+02, 2.811506042480469e+02, 2.811482238769531e+02, 2.811512145996094e+02, 2.81180419921875e+02, 2.812066650390625e+02, 2.812205200195312e+02, 2.812001953125e+02, 2.811576843261719e+02, 2.811368103027344e+02, 2.811364135742188e+02, 2.811534729003906e+02, 2.811716918945312e+02, 2.811782836914062e+02, 2.812325744628906e+02, 2.814690551757812e+02, 2.817528076171875e+02, 2.820708923339844e+02, 2.823345642089844e+02, 2.824933776855469e+02, 2.811499938964844e+02, 2.811500244140625e+02, 2.811500244140625e+02, 2.811500244140625e+02, 2.811500244140625e+02, 2.811500244140625e+02, 2.811500244140625e+02, 2.811500244140625e+02, 2.811500244140625e+02, 2.811500244140625e+02, 2.811500244140625e+02, 2.811500244140625e+02, 2.811500244140625e+02, 2.811500244140625e+02, 2.811500244140625e+02, 2.811500244140625e+02, 2.811500244140625e+02, 2.811500244140625e+02, 2.811500244140625e+02, 2.811500244140625e+02, 2.811500244140625e+02, 2.811500244140625e+02, 2.811500244140625e+02, 2.811500244140625e+02, 2.811500244140625e+02, 2.811500244140625e+02, 2.811500244140625e+02, 2.811500244140625e+02, 2.811500244140625e+02, 2.811499938964844e+02, 2.811499938964844e+02, 2.811499938964844e+02, 2.811499938964844e+02, 2.811499938964844e+02, 2.811499938964844e+02, 2.818905639648438e+02, 2.811919555664062e+02, 2.81165771484375e+02, 2.811562805175781e+02, 2.811477661132812e+02, 2.811436157226562e+02, 2.811414794921875e+02, 2.811394348144531e+02, 2.811381530761719e+02, 2.811385498046875e+02, 2.811402282714844e+02, 2.811412048339844e+02, 2.811399841308594e+02, 2.811400756835938e+02, 2.811413879394531e+02, 2.811448669433594e+02, 2.811513061523438e+02, 2.811542663574219e+02, 2.811535949707031e+02, 2.811479797363281e+02, 2.811279602050781e+02, 2.811191711425781e+02, 2.811243286132812e+02, 2.811400756835938e+02]
TCHWRet.T=[2.931499938964844e+02, 2.931499938964844e+02, 2.837148132324219e+02, 2.8162353515625e+02, 2.814089965820312e+02, 2.818497924804688e+02, 2.825908508300781e+02, 2.835184936523438e+02, 2.845704650878906e+02, 2.856983032226562e+02, 2.868512878417969e+02, 2.880131225585938e+02, 2.891800537109375e+02, 2.905265197753906e+02, 2.921210327148438e+02, 2.932925415039062e+02, 2.939361572265625e+02, 2.942464599609375e+02, 2.945231018066406e+02, 2.947995910644531e+02, 2.950487365722656e+02, 2.9516064453125e+02, 2.95280029296875e+02, 2.9525390625e+02, 2.952228088378906e+02, 2.952040710449219e+02, 2.951903381347656e+02, 2.9517431640625e+02, 2.951565551757812e+02, 2.951398315429688e+02, 2.951317749023438e+02, 2.951202392578125e+02, 2.951070251464844e+02, 2.95092041015625e+02, 2.950738220214844e+02, 2.950603332519531e+02, 2.950520324707031e+02, 2.950116271972656e+02, 2.949709777832031e+02, 2.949184875488281e+02, 2.9486279296875e+02, 2.948179931640625e+02, 2.94758056640625e+02, 2.949498901367188e+02, 2.949680786132812e+02, 2.949590759277344e+02, 2.9495166015625e+02, 2.949481201171875e+02, 2.949467468261719e+02, 2.949463195800781e+02, 2.949462585449219e+02, 2.949462280273438e+02, 2.949461669921875e+02, 2.949461364746094e+02, 2.949461364746094e+02, 2.949461364746094e+02, 2.949461364746094e+02, 2.949461059570312e+02, 2.949461059570312e+02, 2.949461059570312e+02, 2.949461059570312e+02, 2.949460754394531e+02, 2.949460754394531e+02, 2.949460754394531e+02, 2.94946044921875e+02, 2.94946044921875e+02, 2.94946044921875e+02, 2.949460144042969e+02, 2.949460144042969e+02, 2.949460144042969e+02, 2.949459838867188e+02, 2.949459838867188e+02, 2.949459838867188e+02, 2.949459533691406e+02, 2.949459533691406e+02, 2.949459533691406e+02, 2.949459228515625e+02, 2.95171630859375e+02, 2.951805114746094e+02, 2.950572509765625e+02, 2.949939880371094e+02, 2.949668273925781e+02, 2.949548645019531e+02, 2.94949951171875e+02, 2.94947998046875e+02, 2.949475708007812e+02, 2.949473876953125e+02, 2.949472351074219e+02, 2.949466552734375e+02, 2.949469604492188e+02, 2.949470520019531e+02, 2.949469604492188e+02, 2.949468994140625e+02, 2.949458312988281e+02, 2.949452209472656e+02, 2.949450378417969e+02, 2.949452819824219e+02, 2.949477233886719e+02, 2.949495544433594e+02, 2.949497375488281e+02, 2.949484252929688e+02]
TCHWSupSet.y=[2.811499938964844e+02, 2.811499938964844e+02]
chiWSE.TCHWSupWSE=[2.931499938964844e+02, 2.931499938964844e+02, 2.762392883300781e+02, 2.762499694824219e+02, 2.769164733886719e+02, 2.771278381347656e+02, 2.774661865234375e+02, 2.778783264160156e+02, 2.783332214355469e+02, 2.78808349609375e+02, 2.792807312011719e+02, 2.797523193359375e+02, 2.80232177734375e+02, 2.807879943847656e+02, 2.814756469726562e+02, 2.811671752929688e+02, 2.811620788574219e+02, 2.811565246582031e+02, 2.811565856933594e+02, 2.8115673828125e+02, 2.811621704101562e+02, 2.811583862304688e+02, 2.811557922363281e+02, 2.811504821777344e+02, 2.811481628417969e+02, 2.81151123046875e+02, 2.811803894042969e+02, 2.812066345214844e+02, 2.812203979492188e+02, 2.811998596191406e+02, 2.811574401855469e+02, 2.811366577148438e+02, 2.811363220214844e+02, 2.811535339355469e+02, 2.811716003417969e+02, 2.8117822265625e+02, 2.812332763671875e+02, 2.814698181152344e+02, 2.817537231445312e+02, 2.820717468261719e+02, 2.823351135253906e+02, 2.824936218261719e+02, 2.827377319335938e+02, 2.826372985839844e+02, 2.825624389648438e+02, 2.825470886230469e+02, 2.826231079101562e+02, 2.827694396972656e+02, 2.829360046386719e+02, 2.830957336425781e+02, 2.832211303710938e+02, 2.832958679199219e+02, 2.833357238769531e+02, 2.833592224121094e+02, 2.833848266601562e+02, 2.834412841796875e+02, 2.835325927734375e+02, 2.836072998046875e+02, 2.83619140625e+02, 2.8355322265625e+02, 2.834938659667969e+02, 2.834493103027344e+02, 2.834164123535156e+02, 2.833934631347656e+02, 2.833837585449219e+02, 2.833762817382812e+02, 2.83357666015625e+02, 2.833067321777344e+02, 2.830926513671875e+02, 2.827544860839844e+02, 2.824036254882812e+02, 2.821513977050781e+02, 2.820189819335938e+02, 2.819402465820312e+02, 2.818606872558594e+02, 2.817249450683594e+02, 2.815085144042969e+02, 2.818801879882812e+02, 2.811914978027344e+02, 2.811657104492188e+02, 2.8115625e+02, 2.81147705078125e+02, 2.811435546875e+02, 2.811414184570312e+02, 2.811393737792969e+02, 2.811380920410156e+02, 2.811384582519531e+02, 2.811401672363281e+02, 2.8114111328125e+02, 2.81139892578125e+02, 2.811399841308594e+02, 2.811413269042969e+02, 2.811448059082031e+02, 2.811512451171875e+02, 2.811542053222656e+02, 2.811535034179688e+02, 2.811478576660156e+02, 2.811278381347656e+02, 2.811190795898438e+02, 2.81124267578125e+02, 2.811400451660156e+02]
TAirSup.T=[2.931499938964844e+02, 2.934499816894531e+02, 2.828913879394531e+02, 2.808954467773438e+02, 2.807955627441406e+02, 2.81120361328125e+02, 2.817195434570312e+02, 2.824889831542969e+02, 2.833682250976562e+02, 2.843055419921875e+02, 2.852633666992188e+02, 2.862286071777344e+02, 2.871991271972656e+02, 2.886165771484375e+02, 2.900147094726562e+02, 2.908226623535156e+02, 2.911499938964844e+02, 2.911499938964844e+02, 2.911499938964844e+02, 2.911499938964844e+02, 2.912168884277344e+02, 2.911928405761719e+02, 2.912376708984375e+02, 2.912212524414062e+02, 2.911983337402344e+02, 2.911918640136719e+02, 2.911965026855469e+02, 2.911983947753906e+02, 2.911959228515625e+02, 2.911892700195312e+02, 2.911898803710938e+02, 2.911893615722656e+02, 2.91189453125e+02, 2.911896362304688e+02, 2.911858215332031e+02, 2.91185791015625e+02, 2.911998901367188e+02, 2.912023620605469e+02, 2.912118835449219e+02, 2.912145080566406e+02, 2.912059631347656e+02, 2.911935729980469e+02, 2.908966369628906e+02, 2.911412353515625e+02, 2.911713562011719e+02, 2.911639099121094e+02, 2.911561279296875e+02, 2.911522216796875e+02, 2.91150634765625e+02, 2.91150146484375e+02, 2.911500549316406e+02, 2.911500244140625e+02, 2.911499938964844e+02, 2.911499633789062e+02, 2.911499633789062e+02, 2.911499938964844e+02, 2.911499938964844e+02, 2.911499938964844e+02, 2.911499938964844e+02, 2.911499938964844e+02, 2.911499938964844e+02, 2.911499938964844e+02, 2.911499938964844e+02, 2.911499938964844e+02, 2.911499938964844e+02, 2.911499938964844e+02, 2.911499938964844e+02, 2.911499938964844e+02, 2.911499938964844e+02, 2.911499938964844e+02, 2.911499938964844e+02, 2.911499938964844e+02, 2.911499938964844e+02, 2.911499938964844e+02, 2.911499938964844e+02, 2.911499938964844e+02, 2.911499938964844e+02, 2.91538330078125e+02, 2.914228820800781e+02, 2.912821044921875e+02, 2.912078552246094e+02, 2.911747741699219e+02, 2.911600036621094e+02, 2.9115380859375e+02, 2.911510925292969e+02, 2.91150390625e+02, 2.911502380371094e+02, 2.911502990722656e+02, 2.911497497558594e+02, 2.911499328613281e+02, 2.911500549316406e+02, 2.911501770019531e+02, 2.91150634765625e+02, 2.911503601074219e+02, 2.911500549316406e+02, 2.911496887207031e+02, 2.911491394042969e+02, 2.911489868164062e+02, 2.911500244140625e+02, 2.91151123046875e+02, 2.911519775390625e+02]
TAirSupSet.y=[2.911499938964844e+02, 2.911499938964844e+02]
chiWSE.chiPar.chi[1].P=[0e+00, 0e+00, 2.338027115911245e-04, 0e+00, 0e+00, 0e+00, 0e+00, 0e+00, 0e+00, 0e+00, 0e+00, 0e+00, 0e+00, 0e+00, 0e+00, 0e+00, 0e+00, 0e+00, 0e+00, 0e+00, 0e+00, 0e+00, 0e+00, 0e+00, 0e+00, 0e+00, 0e+00, 0e+00, 0e+00, 0e+00, 0e+00, 0e+00, 0e+00, 0e+00, 0e+00, 0e+00, 0e+00, 0e+00, 0e+00, 0e+00, 0e+00, 0e+00, 1.0696228515625e+04, 1.00833251953125e+04, 9.739576171875e+03, 9.6756982421875e+03, 9.9912001953125e+03, 1.05972646484375e+04, 1.12923759765625e+04, 1.19645703125e+04, 1.24960478515625e+04, 1.28143740234375e+04, 1.29845859375e+04, 1.30853125e+04, 1.31954462890625e+04, 1.3439427734375e+04, 1.3834142578125e+04, 1.41578798828125e+04, 1.4208015625e+04, 1.39209765625e+04, 1.36641494140625e+04, 1.34719482421875e+04, 1.33304287109375e+04, 1.323191796875e+04, 1.31903408203125e+04, 1.315805078125e+04, 1.3077810546875e+04, 1.2858107421875e+04, 1.194439843749999e+04, 1.052811132812501e+04, 9.092331054687511e+03, 8.0831884765625e+03, 6.97701220703125e+03, 6.3185732421875e+03, 5.65755517578125e+03, 4.5420927734375e+03, 2.797571533203125e+03, 0e+00, 0e+00, 0e+00, 0e+00, 0e+00, 0e+00, 0e+00, 0e+00, 0e+00, 0e+00, 0e+00, 0e+00, 0e+00, 0e+00, 0e+00, 0e+00, 0e+00, 0e+00, 0e+00, 0e+00, 0e+00, 0e+00, 0e+00, 0e+00]
chiWSE.chiPar.chi[2].P=[0e+00, 0e+00, 0e+00, 0e+00, 0e+00, 0e+00, 0e+00, 0e+00, 0e+00, 0e+00, 0e+00, 0e+00, 0e+00, 0e+00, 0e+00, 0e+00, 0e+00, 0e+00, 0e+00, 0e+00, 0e+00, 0e+00, 0e+00, 0e+00, 0e+00, 0e+00, 0e+00, 0e+00, 0e+00, 0e+00, 0e+00, 0e+00, 0e+00, 0e+00, 0e+00, 0e+00, 0e+00, 0e+00, 0e+00, 0e+00, 0e+00, 0e+00, 0e+00, 0e+00, 0e+00, 0e+00, 0e+00, 0e+00, 0e+00, 0e+00, 0e+00, 0e+00, 0e+00, 0e+00, 0e+00, 0e+00, 0e+00, 0e+00, 0e+00, 0e+00, 0e+00, 0e+00, 0e+00, 0e+00, 0e+00, 0e+00, 0e+00, 0e+00, 0e+00, 0e+00, 0e+00, 0e+00, 0e+00, 0e+00, 0e+00, 0e+00, 0e+00, 0e+00, 0e+00, 0e+00, 0e+00, 0e+00, 0e+00, 0e+00, 0e+00, 0e+00, 0e+00, 0e+00, 0e+00, 0e+00, 0e+00, 0e+00, 0e+00, 0e+00, 0e+00, 0e+00, 0e+00, 0e+00, 0e+00, 0e+00, 0e+00]
chiWSE.chiPar.chi[1].COP=[0e+00, 0e+00, 8.185892105102539e-01, 0e+00, 0e+00, 0e+00, 0e+00, 0e+00, 0e+00, 0e+00, 0e+00, 0e+00, 0e+00, 0e+00, 0e+00, 0e+00, 0e+00, 0e+00, 0e+00, 0e+00, 0e+00, 0e+00, 0e+00, 0e+00, 0e+00, 0e+00, 0e+00, 0e+00, 0e+00, 0e+00, 0e+00, 0e+00, 0e+00, 0e+00, 0e+00, 0e+00, 0e+00, 0e+00, 0e+00, 0e+00, 0e+00, 0e+00, 5.762299537658691e+00, 5.467826843261719e+00, 5.288209915161133e+00, 5.239294052124023e+00, 5.343724250793457e+00, 5.537408828735352e+00, 5.731003761291504e+00, 5.892663478851318e+00, 6.005428314208984e+00, 6.0673828125e+00, 6.098902225494385e+00, 6.116990566253662e+00, 6.136248588562012e+00, 6.177343845367433e+00, 6.240194320678712e+00, 6.288541793823242e+00, 6.296188831329346e+00, 6.254273891448975e+00, 6.214493751525879e+00, 6.183399677276611e+00, 6.159736633300781e+00, 6.142839908599854e+00, 6.135588645935059e+00, 6.129981517791748e+00, 6.11592960357666e+00, 6.076518058776855e+00, 5.891013622283933e+00, 5.519451618194584e+00, 4.993218898773198e+00, 4.487305164337158e+00, 4.511828899383545e+00, 4.530915260314941e+00, 4.550414562225342e+00, 4.584054946899414e+00, 4.63849925994873e+00, 0e+00, 0e+00, 0e+00, 0e+00, 0e+00, 0e+00, 0e+00, 0e+00, 0e+00, 0e+00, 0e+00, 0e+00, 0e+00, 0e+00, 0e+00, 0e+00, 0e+00, 0e+00, 0e+00, 0e+00, 0e+00, 0e+00, 0e+00, 0e+00]
chiWSE.chiPar.chi[2].COP=[0e+00, 0e+00, 0e+00, 0e+00, 0e+00, 0e+00, 0e+00, 0e+00, 0e+00, 0e+00, 0e+00, 0e+00, 0e+00, 0e+00, 0e+00, 0e+00, 0e+00, 0e+00, 0e+00, 0e+00, 0e+00, 0e+00, 0e+00, 0e+00, 0e+00, 0e+00, 0e+00, 0e+00, 0e+00, 0e+00, 0e+00, 0e+00, 0e+00, 0e+00, 0e+00, 0e+00, 0e+00, 0e+00, 0e+00, 0e+00, 0e+00, 0e+00, 0e+00, 0e+00, 0e+00, 0e+00, 0e+00, 0e+00, 0e+00, 0e+00, 0e+00, 0e+00, 0e+00, 0e+00, 0e+00, 0e+00, 0e+00, 0e+00, 0e+00, 0e+00, 0e+00, 0e+00, 0e+00, 0e+00, 0e+00, 0e+00, 0e+00, 0e+00, 0e+00, 0e+00, 0e+00, 0e+00, 0e+00, 0e+00, 0e+00, 0e+00, 0e+00, 0e+00, 0e+00, 0e+00, 0e+00, 0e+00, 0e+00, 0e+00, 0e+00, 0e+00, 0e+00, 0e+00, 0e+00, 0e+00, 0e+00, 0e+00, 0e+00, 0e+00, 0e+00, 0e+00, 0e+00, 0e+00, 0e+00, 0e+00, 0e+00]
chiWSE.chiPar.chi[1].QEva_flow=[0e+00, 0e+00, -1.055000000633299e-03, 0e+00, 0e+00, 0e+00, 0e+00, 0e+00, 0e+00, 0e+00, 0e+00, 0e+00, 0e+00, 0e+00, 0e+00, 0e+00, 0e+00, 0e+00, 0e+00, 0e+00, 0e+00, 0e+00, 0e+00, 0e+00, 0e+00, 0e+00, 0e+00, 0e+00, 0e+00, 0e+00, 0e+00, 0e+00, 0e+00, 0e+00, 0e+00, 0e+00, 0e+00, 0e+00, 0e+00, 0e+00, 0e+00, 0e+00, -6.163487890625e+04, -5.513387890625e+04, -5.15049296875e+04, -5.069383203125e+04, -5.33902265625e+04, -5.868139453125e+04, -6.471665625e+04, -7.05031875e+04, -7.5044125e+04, -7.774971875e+04, -7.91917265625e+04, -8.00427421875e+04, -8.0970546875e+04, -8.301997656250003e+04, -8.632774218750003e+04, -8.903242187499999e+04, -8.9456359375e+04, -8.7065609375e+04, -8.491578125e+04, -8.33024453125e+04, -8.21119296875e+04, -8.12815625e+04, -8.0930515625e+04, -8.06586171875e+04, -7.9982984375e+04, -7.813253125e+04, -7.036462499999991e+04, -5.810941015625011e+04, -4.54000000000001e+04, -3.627173828125e+04, -3.147908984375e+04, -2.8628923828125e+04, -2.5744228515625e+04, -2.082120703125e+04, -1.29765390625e+04, 0e+00, 0e+00, 0e+00, 0e+00, 0e+00, 0e+00, 0e+00, 0e+00, 0e+00, 0e+00, 0e+00, 0e+00, 0e+00, 0e+00, 0e+00, 0e+00, 0e+00, 0e+00, 0e+00, 0e+00, 0e+00, 0e+00, 0e+00, 0e+00]
chiWSE.chiPar.chi[2].QEva_flow=[0e+00, 0e+00, 0e+00, 0e+00, 0e+00, 0e+00, 0e+00, 0e+00, 0e+00, 0e+00, 0e+00, 0e+00, 0e+00, 0e+00, 0e+00, 0e+00, 0e+00, 0e+00, 0e+00, 0e+00, 0e+00, 0e+00, 0e+00, 0e+00, 0e+00, 0e+00, 0e+00, 0e+00, 0e+00, 0e+00, 0e+00, 0e+00, 0e+00, 0e+00, 0e+00, 0e+00, 0e+00, 0e+00, 0e+00, 0e+00, 0e+00, 0e+00, 0e+00, 0e+00, 0e+00, 0e+00, 0e+00, 0e+00, 0e+00, 0e+00, 0e+00, 0e+00, 0e+00, 0e+00, 0e+00, 0e+00, 0e+00, 0e+00, 0e+00, 0e+00, 0e+00, 0e+00, 0e+00, 0e+00, 0e+00, 0e+00, 0e+00, 0e+00, 0e+00, 0e+00, 0e+00, 0e+00, 0e+00, 0e+00, 0e+00, 0e+00, 0e+00, 0e+00, 0e+00, 0e+00, 0e+00, 0e+00, 0e+00, 0e+00, 0e+00, 0e+00, 0e+00, 0e+00, 0e+00, 0e+00, 0e+00, 0e+00, 0e+00, 0e+00, 0e+00, 0e+00, 0e+00, 0e+00, 0e+00, 0e+00, 0e+00]
chiWSE.wse.heaExc.hex.Q2_flow=[-0e+00, -0e+00, -1.31830109375e+05, -8.83469296875e+04, -7.41594765625e+04, -7.79788046875e+04, -8.46494921875e+04, -9.317250000000001e+04, -1.030386171875e+05, -1.1381565625e+05, -1.250500703125e+05, -1.36440171875e+05, -1.47776375e+05, -1.608795e+05, -1.7581715625e+05, -2.002065e+05, -2.10887390625e+05, -2.1606865625e+05, -2.20632578125e+05, -2.25193125e+05, -2.37857359375e+05, -2.49153921875e+05, -2.6503578125e+05, -2.755646875e+05, -2.8739275e+05, -2.9985046875e+05, -3.1221859375e+05, -3.2418753125e+05, -3.360936250000001e+05, -3.480416875e+05, -3.5996621875e+05, -3.719315625e+05, -3.8393878125e+05, -3.9594678125e+05, -4.079875937500001e+05, -4.199891562499999e+05, -4.3114596875e+05, -4.4368090625e+05, -4.5591671875e+05, -4.6807825e+05, -4.800925e+05, -4.9203465625e+05, -4.6678634375e+05, -4.564155625e+05, -4.5233271875e+05, -4.5030915625e+05, -4.467078125e+05, -4.411758125e+05, -4.350926875e+05, -4.293048125e+05, -4.2477390625e+05, -4.2207571875e+05, -4.2063628125e+05, -4.1978425e+05, -4.18853375e+05, -4.16799125e+05, -4.1349071875e+05, -4.10790625e+05, -4.103761875e+05, -4.1277003125e+05, -4.1491771875e+05, -4.165300625e+05, -4.177191875e+05, -4.1854825e+05, -4.188985e+05, -4.1917084375e+05, -4.1984825e+05, -4.21708e+05, -4.294949375000001e+05, -4.417574999999999e+05, -4.544624062499999e+05, -4.6357540625e+05, -4.683598125e+05, -4.7120715625e+05, -4.7409490625e+05, -4.79026875e+05, -4.8687790625e+05, -5.2294040625e+05, -5.1135453125e+05, -5.0333184375e+05, -5.0056690625e+05, -4.9981275e+05, -4.996753125e+05, -4.997018125e+05, -4.9975284375e+05, -4.9979034375e+05, -4.9981028125e+05, -4.9982215625e+05, -4.998409375e+05, -4.998340625e+05, -4.9983109375e+05, -4.998318125e+05, -4.998125625e+05, -4.99824875e+05, -4.99829375e+05, -4.9983190625e+05, -4.9986340625e+05, -4.9982203125e+05, -4.998199375e+05, -4.9982240625e+05, -4.9982775e+05]
ahu.cooCoi.Q2_flow=[0e+00, -5.6327548828125e+03, -9.76538828125e+04, -8.4069796875e+04, -7.555475e+04, -8.2156265625e+04, -9.05613828125e+04, -1.0014109375e+05, -1.10829921875e+05, -1.218799296875e+05, -1.3320721875e+05, -1.44638015625e+05, -1.56029203125e+05, -1.71399171875e+05, -1.86400546875e+05, -2.04353515625e+05, -2.1371271875e+05, -2.17841484375e+05, -2.22400328125e+05, -2.26961421875e+05, -2.37856515625e+05, -2.49659265625e+05, -2.6412190625e+05, -2.758291875e+05, -2.877391875e+05, -2.9983425e+05, -3.1193259375e+05, -3.2393253125e+05, -3.359065625000001e+05, -3.4788471875e+05, -3.5987309375e+05, -3.71859625e+05, -3.8385815625e+05, -3.958563125e+05, -4.078586562500001e+05, -4.198615937499999e+05, -4.316576875e+05, -4.4376921875e+05, -4.55845125e+05, -4.678831875e+05, -4.7987221875e+05, -4.9184765625e+05, -5.0773828125e+05, -5.0333428125e+05, -5.010863125e+05, -5.0021696875e+05, -4.9992709375e+05, -4.9984521875e+05, -4.9982675e+05, -4.9982440625e+05, -4.998256875e+05, -4.9982640625e+05, -4.9982628125e+05, -4.998256875e+05, -4.99825125e+05, -4.998253125e+05, -4.998254375e+05, -4.998255e+05, -4.9982571875e+05, -4.998255625e+05, -4.998254375e+05, -4.9982553125e+05, -4.9982546875e+05, -4.9982546875e+05, -4.998255e+05, -4.998255e+05, -4.9982546875e+05, -4.998255e+05, -4.998255e+05, -4.998255e+05, -4.998255e+05, -4.998255e+05, -4.998255e+05, -4.998255e+05, -4.998255e+05, -4.998255e+05, -4.998255e+05, -5.072304375e+05, -5.0402978125e+05, -5.011976875e+05, -5.0018471875e+05, -4.9988084375e+05, -4.9980415625e+05, -4.9979703125e+05, -4.998059375e+05, -4.99815375e+05, -4.998206875e+05, -4.9982415625e+05, -4.9982821875e+05, -4.9982734375e+05, -4.998265625e+05, -4.9982684375e+05, -4.9982178125e+05, -4.99824e+05, -4.998251875e+05, -4.9982584375e+05, -4.9983309375e+05, -4.9982534375e+05, -4.998256875e+05, -4.998261875e+05, -4.9982740625e+05]
