last-generated=2020-09-04
statistics-initialization=
{
  "nonlinear": "1, 1, 1, 1, 1, 13",
  "numerical Jacobians": "0"
}
statistics-simulation=
{
  "linear": "0, 0, 0, 0, 0, 0, 0, 0, 0, 0, 0",
  "nonlinear": "1, 1, 1, 1, 1, 1, 1, 11",
  "number of continuous time states": "35",
  "numerical Jacobians": "0"
}
time=[0e+00, 8.64e+04]
nPer.y=[0e+00, 0e+00, 0e+00, 0e+00, 0e+00, 0e+00, 0e+00, 0e+00, 0e+00, 0e+00, 0e+00, 0e+00, 0e+00, 0e+00, 0e+00, 0e+00, 0e+00, 0e+00, 0e+00, 0e+00, 0e+00, 0e+00, 0e+00, 0e+00, 0e+00, 0e+00, 0e+00, 0e+00, 0e+00, 0e+00, 0e+00, 0e+00, 0e+00, 0e+00, 0e+00, 0e+00, 0e+00, 0e+00, 0e+00, 0e+00, 0e+00, 0e+00, 0e+00, 0e+00, 0e+00, 0e+00, 0e+00, 0e+00, 0e+00, 0e+00, 0e+00, 5e+00, 5e+00, 5e+00, 5e+00, 5e+00, 5e+00, 5e+00, 5e+00, 0e+00, 0e+00, 0e+00, 0e+00, 0e+00, 0e+00, 0e+00, 0e+00, 0e+00, 0e+00, 0e+00, 0e+00, 0e+00, 0e+00, 0e+00, 0e+00, 0e+00, 0e+00, 0e+00, 0e+00, 0e+00, 0e+00, 0e+00, 0e+00, 0e+00, 0e+00, 0e+00, 0e+00, 0e+00, 0e+00, 0e+00, 0e+00, 0e+00, 0e+00, 0e+00, 0e+00, 0e+00, 0e+00, 0e+00, 0e+00, 0e+00, 0e+00]
senCO2.ppm=[0e+00, 0e+00, 0e+00, 0e+00, -1.881288403390204e-19, -9.560090298744864e-19, -6.659228378103689e-19, -4.135381680485287e-19, -2.567049565530221e-19, -1.594480715834547e-19, -9.899791275088401e-20, -6.147141669634394e-20, -3.81795034493624e-20, -2.371961409128547e-20, -1.472591031995654e-20, -9.117265490916166e-21, -5.641349967185341e-21, -3.49261827131457e-21, -2.168077544005565e-21, -1.347035354767762e-21, -8.371679702663602e-22, -5.202689888532844e-22, -3.233282104124015e-22, -2.009367691334981e-22, -1.249133096860374e-22, -7.76716044486336e-23, -4.823449299751167e-23, -2.995760503183037e-23, -1.860652611670235e-23, -1.155662451259238e-23, -7.177996049038884e-24, -4.458328658529786e-24, -2.769010048484993e-24, -1.71979605390278e-24, -1.068098042754231e-24, -6.63263550183801e-25, -4.119115856183002e-25, -2.55901497969232e-25, -1.590033957020261e-25, -9.880179619482729e-26, -6.139377171318985e-26, -3.814913156870138e-26, -2.370515002386287e-26, -1.473001603794703e-26, -9.153125349888201e-27, -5.688280698252355e-27, -3.534748590083314e-27, -2.196768465048557e-27, -1.365195826264881e-27, -8.482582217463669e-28, -5.269473846632237e-28, 3.235575256347656e+02, 5.244830322265625e+02, 6.49275146484375e+02, 7.101627197265625e+02, 6.982821044921876e+02, 7.000528564453125e+02, 7.000665893554688e+02, 6.999747314453125e+02, 5.075800170898438e+02, 3.151437072753906e+02, 1.956426086425781e+02, 1.214430084228516e+02, 7.536942291259766e+01, 4.675909042358398e+01, 2.900797080993652e+01, 1.799983596801758e+01, 1.117330455780029e+01, 6.936886787414524e+00, 4.306710720062274e+00, 2.673736572265636e+00, 1.659964919090271e+00, 1.030490398406982e+00, 6.397210955619812e-01, 3.971020579338074e-01, 2.464450150728226e-01, 1.529611349105835e-01, 9.493519365787506e-02, 5.892549827694893e-02, 3.658128902316093e-02, 2.271066606044769e-02, 1.409849710762501e-02, 8.754533715546131e-03, 5.433720536530018e-03, 3.373529762029648e-03, 2.0952383056283e-03, 1.301319804042578e-03, 8.081915439106524e-04, 5.018794909119606e-04, 3.117115411441773e-04, 1.935917971422896e-04, 1.201918057631701e-04, 7.462951180059463e-05, 4.63500946352724e-05, 2.878537816286553e-05, 1.787718974810559e-05, 1.110261382564204e-05, 6.895273600093788e-06, 4.282306690583937e-06, 2.659354095158051e-06, 1.649842715778504e-06]
CO2Set.y=[7e+02, 7e+02]
conPI.y=[0e+00, 0e+00, 0e+00, 0e+00, 0e+00, 0e+00, 0e+00, 0e+00, 0e+00, 0e+00, 0e+00, 0e+00, 0e+00, 0e+00, 0e+00, 0e+00, 0e+00, 0e+00, 0e+00, 0e+00, 0e+00, 0e+00, 0e+00, 0e+00, 0e+00, 0e+00, 0e+00, 0e+00, 0e+00, 0e+00, 0e+00, 0e+00, 0e+00, 0e+00, 0e+00, 0e+00, 0e+00, 0e+00, 0e+00, 0e+00, 0e+00, 0e+00, 0e+00, 0e+00, 0e+00, 0e+00, 0e+00, 0e+00, 0e+00, 0e+00, 0e+00, 0e+00, 0e+00, 0e+00, 2.471602261066437e-01, 1.978130787611009e-01, 2.265220433473586e-01, 2.194716781377792e-01, 2.203747928142548e-01, 0e+00, 0e+00, 0e+00, 0e+00, 0e+00, 0e+00, 0e+00, 0e+00, 0e+00, 0e+00, 0e+00, 0e+00, 0e+00, 0e+00, 0e+00, 0e+00, 0e+00, 0e+00, 0e+00, 0e+00, 0e+00, 0e+00, 0e+00, 0e+00, 0e+00, 0e+00, 0e+00, 0e+00, 0e+00, 0e+00, 0e+00, 0e+00, 0e+00, 0e+00, 0e+00, 0e+00, 0e+00, 0e+00, 0e+00, 0e+00, 0e+00, 0e+00]
bou.ports[1].m_flow=[3.133333474397659e-02, 3.133333474397659e-02, 3.133333474397659e-02, 3.133333474397659e-02, 3.133333474397659e-02, 3.133333474397659e-02, 3.133333474397659e-02, 3.133333474397659e-02, 3.133333474397659e-02, 3.133333474397659e-02, 3.133333474397659e-02, 3.133333474397659e-02, 3.133333474397659e-02, 3.133333474397659e-02, 3.133333474397659e-02, 3.133333474397659e-02, 3.133333474397659e-02, 3.133333474397659e-02, 3.133333474397659e-02, 3.133333474397659e-02, 3.133333474397659e-02, 3.133333474397659e-02, 3.133333474397659e-02, 3.133333474397659e-02, 3.133333474397659e-02, 3.133333474397659e-02, 3.133333474397659e-02, 3.133333474397659e-02, 3.133333474397659e-02, 3.133333474397659e-02, 3.133333474397659e-02, 3.133333474397659e-02, 3.133333474397659e-02, 3.133333474397659e-02, 3.133333474397659e-02, 3.133333474397659e-02, 3.133333474397659e-02, 3.133333474397659e-02, 3.133333474397659e-02, 3.133333474397659e-02, 3.133333474397659e-02, 3.133333474397659e-02, 3.133333474397659e-02, 3.133333474397659e-02, 3.133333474397659e-02, 3.133333474397659e-02, 3.133333474397659e-02, 3.133333474397659e-02, 3.133333474397659e-02, 3.133333474397659e-02, 3.133333474397659e-02, 3.133333474397659e-02, 3.133333474397659e-02, 3.133333474397659e-02, 3.907768800854683e-02, 3.753147646784782e-02, 3.843102231621742e-02, 3.821011260151863e-02, 3.823840990662575e-02, 3.133333474397659e-02, 3.133333474397659e-02, 3.133333474397659e-02, 3.133333474397659e-02, 3.133333474397659e-02, 3.133333474397659e-02, 3.133333474397659e-02, 3.133333474397659e-02, 3.133333474397659e-02, 3.133333474397659e-02, 3.133333474397659e-02, 3.133333474397659e-02, 3.133333474397659e-02, 3.133333474397659e-02, 3.133333474397659e-02, 3.133333474397659e-02, 3.133333474397659e-02, 3.133333474397659e-02, 3.133333474397659e-02, 3.133333474397659e-02, 3.133333474397659e-02, 3.133333474397659e-02, 3.133333474397659e-02, 3.133333474397659e-02, 3.133333474397659e-02, 3.133333474397659e-02, 3.133333474397659e-02, 3.133333474397659e-02, 3.133333474397659e-02, 3.133333474397659e-02, 3.133333474397659e-02, 3.133333474397659e-02, 3.133333474397659e-02, 3.133333474397659e-02, 3.133333474397659e-02, 3.133333474397659e-02, 3.133333474397659e-02, 3.133333474397659e-02, 3.133333474397659e-02, 3.133333474397659e-02, 3.133333474397659e-02, 3.133333474397659e-02]
