last-generated=2021-09-01
statistics-initialization=
{
  "nonlinear": "1, 1, 6",
  "numerical Jacobians": "0"
}
statistics-simulation=
{
  "linear": "0",
  "nonlinear": "1, 7",
  "number of continuous time states": "10",
  "numerical Jacobians": "0"
}
time=[0e+00, 6.048e+05]
bui.maxTSet.y=[2.971499938964844e+02, 2.971499938964844e+02]
bui.minTSet.y=[2.931499938964844e+02, 2.931499938964844e+02]
bui.zon.TAir=[2.931499938964844e+02, 2.931473388671875e+02, 2.931480407714844e+02, 2.931492919921875e+02, 2.931504516601562e+02, 2.931481628417969e+02, 2.931498413085938e+02, 2.931499633789062e+02, 2.931494750976562e+02, 2.931497497558594e+02, 2.931499633789062e+02, 2.931501159667969e+02, 2.931500549316406e+02, 2.931499633789062e+02, 2.931497497558594e+02, 2.931499633789062e+02, 2.931499938964844e+02, 2.931500244140625e+02, 2.931489868164062e+02, 2.931497192382812e+02, 2.943622131347656e+02, 2.948706970214844e+02, 2.94884521484375e+02, 2.955221862792969e+02, 2.957865295410156e+02, 2.948074645996094e+02, 2.940586853027344e+02, 2.937099914550781e+02, 2.934421081542969e+02, 2.931619262695312e+02, 2.931507873535156e+02, 2.931502685546875e+02, 2.931497802734375e+02, 2.931500244140625e+02, 2.946926879882812e+02, 2.953065490722656e+02, 2.953960571289062e+02, 2.959418029785156e+02, 2.962096862792969e+02, 2.954403076171875e+02, 2.945648803710938e+02, 2.941337280273438e+02, 2.938054809570312e+02, 2.9346728515625e+02, 2.93216064453125e+02, 2.931494140625e+02, 2.931497802734375e+02, 2.931499938964844e+02, 2.943683471679688e+02, 2.951625671386719e+02, 2.9558544921875e+02, 2.957939147949219e+02, 2.9609912109375e+02, 2.960822448730469e+02, 2.946476745605469e+02, 2.941375732421875e+02, 2.938173522949219e+02, 2.934530944824219e+02, 2.931499328613281e+02, 2.931493530273438e+02, 2.931502075195312e+02, 2.93150390625e+02, 2.939758605957031e+02, 2.95035888671875e+02, 2.955618286132812e+02, 2.958802185058594e+02, 2.962490539550781e+02, 2.964104919433594e+02, 2.9485986328125e+02, 2.942902221679688e+02, 2.938295593261719e+02, 2.934292297363281e+02, 2.931499938964844e+02, 2.931505737304688e+02, 2.931506652832031e+02, 2.931503295898438e+02, 2.931511535644531e+02, 2.946482238769531e+02, 2.951758422851562e+02, 2.950502319335938e+02, 2.954931030273438e+02, 2.95724365234375e+02, 2.946966552734375e+02, 2.937152709960938e+02, 2.93175537109375e+02, 2.931504516601562e+02, 2.931507568359375e+02, 2.931507263183594e+02, 2.931492309570312e+02, 2.931483154296875e+02, 2.931494140625e+02, 2.93150390625e+02, 2.931495361328125e+02, 2.931559143066406e+02, 2.931499328613281e+02, 2.931503601074219e+02, 2.931460876464844e+02, 2.931500854492188e+02, 2.931502685546875e+02, 2.931501159667969e+02, 2.931498718261719e+02]
bui.terUni.QActHea_flow=[-0e+00, 1.406452484130859e+02, 4.2332373046875e+02, 5.99711669921875e+02, 7.335115356445312e+02, 7.06016845703125e+02, 6.115225219726562e+02, 6.068950805664062e+02, 6.960389404296875e+02, 7.625696411132812e+02, 8.475636596679688e+02, 8.916289672851562e+02, 9.125179443359375e+02, 9.230516357421875e+02, 9.41510498046875e+02, 8.625432739257812e+02, 8.714767456054688e+02, 8.796729125976562e+02, 8.022100830078125e+02, 6.043598022460938e+02, 0e+00, 0e+00, 0e+00, 0e+00, 0e+00, 0e+00, 0e+00, 0e+00, 0e+00, 0e+00, 1.399651184082031e+02, 2.306165924072266e+02, 2.945351257324219e+02, 1.58685546875e+02, 0e+00, 0e+00, 0e+00, 0e+00, 0e+00, 0e+00, 0e+00, 0e+00, 0e+00, 0e+00, 0e+00, 1.110837478637695e+02, 2.229315795898438e+02, 2.539013366699219e+02, 0e+00, 0e+00, 0e+00, 0e+00, 0e+00, 0e+00, 0e+00, 0e+00, 0e+00, 0e+00, 2.46297607421875e+01, 1.877425079345703e+02, 3.462442626953125e+02, 4.07859130859375e+02, 0e+00, 0e+00, 0e+00, 0e+00, 0e+00, 0e+00, 0e+00, 0e+00, 0e+00, 0e+00, 6.559676361083984e+01, 2.665940246582031e+02, 4.350177307128906e+02, 5.52363525390625e+02, 4.354624633789062e+02, 0e+00, 0e+00, 0e+00, 0e+00, 0e+00, 0e+00, 0e+00, 0e+00, 3.029783630371094e+02, 6.881192626953125e+02, 8.867479248046875e+02, 1.05338427734375e+03, 1.207456787109375e+03, 1.16441455078125e+03, 5.443229370117188e+02, 4.524856567382812e+02, 7.082672119140625e+02, 7.50734130859375e+02, 6.426178588867188e+02, 1.047931396484375e+03, 1.235898681640625e+03, 1.3041279296875e+03, 1.357939697265625e+03, 1.408867309570312e+03]
bui.terUni.QActCoo_flow=[-0e+00, 0e+00, -0e+00, -0e+00, -0e+00, -0e+00, -0e+00, 0e+00, -0e+00, -0e+00, -0e+00, -0e+00, -0e+00, -0e+00, 0e+00, -0e+00, -0e+00, 0e+00, -0e+00, -0e+00, -0e+00, -0e+00, -0e+00, -0e+00, -0e+00, -0e+00, -0e+00, -0e+00, 0e+00, -0e+00, -0e+00, -0e+00, -0e+00, -0e+00, 0e+00, -0e+00, -0e+00, -0e+00, -0e+00, -0e+00, -0e+00, 0e+00, -0e+00, -0e+00, -0e+00, -0e+00, -0e+00, -0e+00, -0e+00, -0e+00, -0e+00, -0e+00, -0e+00, -0e+00, -0e+00, -0e+00, 0e+00, 0e+00, 0e+00, -0e+00, -0e+00, -0e+00, -0e+00, -0e+00, -0e+00, -0e+00, -0e+00, -0e+00, 0e+00, 0e+00, -0e+00, -0e+00, -0e+00, -0e+00, -0e+00, -0e+00, -0e+00, -0e+00, -0e+00, -0e+00, -0e+00, 0e+00, 0e+00, -0e+00, -0e+00, -0e+00, -0e+00, -0e+00, -0e+00, -0e+00, -0e+00, -0e+00, -0e+00, -0e+00, -0e+00, -0e+00, -0e+00, -0e+00, -0e+00, -0e+00, -0e+00]
supHeaWat.T_in=[3.131499938964844e+02, 3.131499938964844e+02]
bui.terUni.T_aHeaWat_nominal=[3.131499938964844e+02, 3.131499938964844e+02]
bui.disFloHea.mReq_flow[1]=[0e+00, 3.735739504918456e-03, 1.563981547951698e-02, 2.346589975059032e-02, 2.970629744231701e-02, 2.840088680386543e-02, 2.400747500360012e-02, 2.379549853503704e-02, 2.793321199715137e-02, 3.109121136367321e-02, 3.520721942186356e-02, 3.737633302807808e-02, 3.841248527169228e-02, 3.893683105707169e-02, 3.985878825187683e-02, 3.594178706407547e-02, 3.638127818703651e-02, 3.678535670042038e-02, 3.29979881644249e-02, 2.367906644940376e-02, 0e+00, 0e+00, 0e+00, 0e+00, 0e+00, 0e+00, 0e+00, 0e+00, 0e+00, 0e+00, 3.704250557348132e-03, 7.715922780334949e-03, 1.027252431958914e-02, 4.596664570271969e-03, 0e+00, 0e+00, 0e+00, 0e+00, 0e+00, 0e+00, 0e+00, 0e+00, 0e+00, 0e+00, 0e+00, 2.375027863308787e-03, 7.402876857668161e-03, 8.649413473904133e-03, 0e+00, 0e+00, 0e+00, 0e+00, 0e+00, 0e+00, 0e+00, 0e+00, 0e+00, 0e+00, 2.913944190368056e-04, 5.916696973145008e-03, 1.238839607685804e-02, 1.498030871152878e-02, 0e+00, 0e+00, 0e+00, 0e+00, 0e+00, 0e+00, 0e+00, 0e+00, 0e+00, 0e+00, 9.496525162830949e-04, 9.154533967375755e-03, 1.614535041153431e-02, 2.13194414973259e-02, 1.616500690579414e-02, 0e+00, 0e+00, 0e+00, 0e+00, 0e+00, 0e+00, 0e+00, 0e+00, 1.061438024044037e-02, 2.756326645612717e-02, 3.713624551892281e-02, 4.553431645035744e-02, 5.359049141407013e-02, 5.131447687745094e-02, 2.095804177224636e-02, 1.690026372671127e-02, 2.851999178528786e-02, 3.052566200494766e-02, 2.544144913554192e-02, 4.524563625454903e-02, 5.511470511555672e-02, 5.879748612642288e-02, 6.174058467149734e-02, 6.455821543931961e-02]
bui.disFloHea.mAct_flow[1].y=[-0e+00, 3.745324211195111e-03, 1.564938202500343e-02, 2.347546443343163e-02, 2.971586026251316e-02, 2.841044962406158e-02, 2.401703968644142e-02, 2.380506321787834e-02, 2.794277481734753e-02, 3.110077418386936e-02, 3.521678224205971e-02, 3.738589584827423e-02, 3.842204809188843e-02, 3.894639387726784e-02, 3.986835107207298e-02, 3.595134988427162e-02, 3.639084100723267e-02, 3.679491952061653e-02, 3.300755098462105e-02, 2.368863113224506e-02, -0e+00, -0e+00, -0e+00, -0e+00, -0e+00, -0e+00, -0e+00, -0e+00, 0e+00, -0e+00, 3.713835496455431e-03, 7.725494913756847e-03, 1.028209365904331e-02, 4.606244619935751e-03, 0e+00, -0e+00, -0e+00, -0e+00, -0e+00, -0e+00, -0e+00, 0e+00, -0e+00, -0e+00, -0e+00, 2.384626539424062e-03, 7.412449456751347e-03, 8.658984676003456e-03, -0e+00, -0e+00, -0e+00, -0e+00, -0e+00, -0e+00, -0e+00, -0e+00, 0e+00, 0e+00, 3.012789529748261e-04, 5.926272831857204e-03, 1.239796355366707e-02, 1.498987525701523e-02, -0e+00, -0e+00, -0e+00, -0e+00, -0e+00, -0e+00, 0e+00, 0e+00, -0e+00, -0e+00, 9.593099821358919e-04, 9.164104238152504e-03, 1.615491509437561e-02, 2.13290061801672e-02, 1.617457158863544e-02, -0e+00, -0e+00, -0e+00, -0e+00, 0e+00, 0e+00, -0e+00, -0e+00, 1.062394864857197e-02, 2.757283113896847e-02, 3.714580833911896e-02, 4.554387927055359e-02, 5.360005423426628e-02, 5.132403969764709e-02, 2.096760645508766e-02, 1.690982840955257e-02, 2.852955646812916e-02, 3.053522482514381e-02, 2.545101195573807e-02, 4.525519907474518e-02, 5.512426793575287e-02, 5.880704894661903e-02, 6.17501474916935e-02, 6.456777453422546e-02]
bui.disFloHea.m_flow_nominal=[9.560229629278183e-02, 9.560229629278183e-02]
bui.terUni.QHea_flow_nominal=[2e+03, 2e+03]
supChiWat.T_in=[2.801499938964844e+02, 2.801499938964844e+02]
bui.terUni.T_aChiWat_nominal=[2.801499938964844e+02, 2.801499938964844e+02]
bui.disFloCoo.mReq_flow[1]=[0e+00, 0e+00, 0e+00, 0e+00, 0e+00, 0e+00, 0e+00, 0e+00, 0e+00, 0e+00, 0e+00, 0e+00, 0e+00, 0e+00, 0e+00, 0e+00, 0e+00, 0e+00, 0e+00, 0e+00, 0e+00, 0e+00, 0e+00, 0e+00, 0e+00, 0e+00, 0e+00, 0e+00, 0e+00, 0e+00, 0e+00, 0e+00, 0e+00, 0e+00, 0e+00, 0e+00, 0e+00, 0e+00, 0e+00, 0e+00, 0e+00, 0e+00, 0e+00, 0e+00, 0e+00, 0e+00, 0e+00, 0e+00, 0e+00, 0e+00, 0e+00, 0e+00, 0e+00, 0e+00, 0e+00, 0e+00, 0e+00, 0e+00, 0e+00, 0e+00, 0e+00, 0e+00, 0e+00, 0e+00, 0e+00, 0e+00, 0e+00, 0e+00, 0e+00, 0e+00, 0e+00, 0e+00, 0e+00, 0e+00, 0e+00, 0e+00, 0e+00, 0e+00, 0e+00, 0e+00, 0e+00, 0e+00, 0e+00, 0e+00, 0e+00, 0e+00, 0e+00, 0e+00, 0e+00, 0e+00, 0e+00, 0e+00, 0e+00, 0e+00, 0e+00, 0e+00, 0e+00, 0e+00, 0e+00, 0e+00, 0e+00]
bui.disFloCoo.mAct_flow[1].y=[-0e+00, -0e+00, -0e+00, -0e+00, -0e+00, -0e+00, -0e+00, 0e+00, -0e+00, -0e+00, -0e+00, -0e+00, -0e+00, -0e+00, 0e+00, -0e+00, -0e+00, 0e+00, -0e+00, -0e+00, -0e+00, -0e+00, -0e+00, -0e+00, -0e+00, -0e+00, -0e+00, -0e+00, 0e+00, -0e+00, -0e+00, -0e+00, -0e+00, -0e+00, 0e+00, -0e+00, -0e+00, -0e+00, -0e+00, -0e+00, -0e+00, 0e+00, -0e+00, -0e+00, -0e+00, -0e+00, -0e+00, -0e+00, -0e+00, -0e+00, -0e+00, -0e+00, -0e+00, -0e+00, -0e+00, -0e+00, 0e+00, 0e+00, -0e+00, -0e+00, -0e+00, -0e+00, -0e+00, -0e+00, -0e+00, -0e+00, -0e+00, -0e+00, 0e+00, 0e+00, -0e+00, -0e+00, -0e+00, -0e+00, -0e+00, -0e+00, -0e+00, -0e+00, -0e+00, -0e+00, -0e+00, 0e+00, 0e+00, -0e+00, -0e+00, -0e+00, -0e+00, -0e+00, -0e+00, -0e+00, -0e+00, -0e+00, -0e+00, -0e+00, -0e+00, -0e+00, -0e+00, -0e+00, -0e+00, -0e+00, -0e+00]
bui.disFloCoo.m_flow_nominal=[9.560229629278183e-02, 9.560229629278183e-02]
