last-generated=2021-09-01
statistics-initialization=
{
  "nonlinear": "1, 5, 1",
  "numerical Jacobians": "0"
}
statistics-simulation=
{
  "linear": " ",
  "nonlinear": "1, 0, 5, 0, 1",
  "number of continuous time states": "23",
  "numerical Jacobians": "0"
}
time=[0e+00, 6.048e+05]
bui.maxTSet.y=[2.971499938964844e+02, 2.971499938964844e+02]
bui.minTSet.y=[2.931499938964844e+02, 2.931499938964844e+02]
bui.terUniCoo.TLoaODE.TAir=[2.931499938964844e+02, 2.970110473632812e+02, 2.971451416015625e+02, 2.971498413085938e+02, 2.971499938964844e+02, 2.971499938964844e+02, 2.971499938964844e+02, 2.971499938964844e+02, 2.971499938964844e+02, 2.971499938964844e+02, 2.971499938964844e+02, 2.971499938964844e+02, 2.971499938964844e+02, 2.971499938964844e+02, 2.971499938964844e+02, 2.971499938964844e+02, 2.971499938964844e+02, 2.971499938964844e+02, 2.971499938964844e+02, 2.971499938964844e+02, 2.971499938964844e+02, 2.971499938964844e+02, 2.971499938964844e+02, 2.971499938964844e+02, 2.971499938964844e+02, 2.971499938964844e+02, 2.971499938964844e+02, 2.971499938964844e+02, 2.971499938964844e+02, 2.971499938964844e+02, 2.971499938964844e+02, 2.971499938964844e+02, 2.971499938964844e+02, 2.971499938964844e+02, 2.971499938964844e+02, 2.971499938964844e+02, 2.971499938964844e+02, 2.971499938964844e+02, 2.971499938964844e+02, 2.971499938964844e+02, 2.971499938964844e+02, 2.971499938964844e+02, 2.971499938964844e+02, 2.971499938964844e+02, 2.971499938964844e+02, 2.971499938964844e+02, 2.971499938964844e+02, 2.971499938964844e+02, 2.971499938964844e+02, 2.971499938964844e+02, 2.971499938964844e+02, 2.971499938964844e+02, 2.971499938964844e+02, 2.971499938964844e+02, 2.971499938964844e+02, 2.971499938964844e+02, 2.971499938964844e+02, 2.971499938964844e+02, 2.971499938964844e+02, 2.971499938964844e+02, 2.971499938964844e+02, 2.971499938964844e+02, 2.971499938964844e+02, 2.971499938964844e+02, 2.971499938964844e+02, 2.971499938964844e+02, 2.971499938964844e+02, 2.971499938964844e+02, 2.971499938964844e+02, 2.971499938964844e+02, 2.971499938964844e+02, 2.971499938964844e+02, 2.971499938964844e+02, 2.971499938964844e+02, 2.971499938964844e+02, 2.971499938964844e+02, 2.971499938964844e+02, 2.971499938964844e+02, 2.971499938964844e+02, 2.971499938964844e+02, 2.971499938964844e+02, 2.971499938964844e+02, 2.971499938964844e+02, 2.971499938964844e+02, 2.971499938964844e+02, 2.971499938964844e+02, 2.971499938964844e+02, 2.971499938964844e+02, 2.971499938964844e+02, 2.971499938964844e+02, 2.971499938964844e+02, 2.971499938964844e+02, 2.971499938964844e+02, 2.971499938964844e+02, 2.971499938964844e+02, 2.971499938964844e+02, 2.971499938964844e+02, 2.971499938964844e+02, 2.971499938964844e+02, 2.971499938964844e+02, 2.971499938964844e+02]
bui.terUniHea.TLoaODE.TAir=[2.931499938964844e+02, 2.931378784179688e+02, 2.931414794921875e+02, 2.931425476074219e+02, 2.9311328125e+02, 2.93224365234375e+02, 2.931625366210938e+02, 2.929876098632812e+02, 2.93269775390625e+02, 2.931513671875e+02, 2.929624938964844e+02, 2.931747131347656e+02, 2.931338500976562e+02, 2.933258056640625e+02, 2.931386413574219e+02, 2.931373901367188e+02, 2.931397094726562e+02, 2.931433715820312e+02, 2.9303466796875e+02, 2.933508911132812e+02, 2.9316796875e+02, 2.931167907714844e+02, 2.931760559082031e+02, 2.931775207519531e+02, 2.930703430175781e+02, 2.931542053222656e+02, 2.93139892578125e+02, 2.932224426269531e+02, 2.931419677734375e+02, 2.931388549804688e+02, 2.931402587890625e+02, 2.931425170898438e+02, 2.929381713867188e+02, 2.932742919921875e+02, 2.93171875e+02, 2.931801147460938e+02, 2.931158752441406e+02, 2.932554321289062e+02, 2.931380310058594e+02, 2.931067504882812e+02, 2.931618041992188e+02, 2.931342468261719e+02, 2.931806640625e+02, 2.931354675292969e+02, 2.931336975097656e+02, 2.931376953125e+02, 2.930828552246094e+02, 2.9313623046875e+02, 2.931820678710938e+02, 2.93156005859375e+02, 2.929791564941406e+02, 2.93341064453125e+02, 2.931431884765625e+02, 2.929790954589844e+02, 2.931804809570312e+02, 2.931330871582031e+02, 2.933066711425781e+02, 2.9313916015625e+02, 2.931410217285156e+02, 2.931480102539062e+02, 2.931473388671875e+02, 2.930716857910156e+02, 2.932984619140625e+02, 2.931525268554688e+02, 2.929912414550781e+02, 2.932025146484375e+02, 2.931609802246094e+02, 2.929679260253906e+02, 2.931588745117188e+02, 2.931431579589844e+02, 2.933375244140625e+02, 2.931430053710938e+02, 2.931496887207031e+02, 2.931412658691406e+02, 2.931438293457031e+02, 2.929225769042969e+02, 2.9338330078125e+02, 2.931570739746094e+02, 2.931522216796875e+02, 2.931222229003906e+02, 2.932374267578125e+02, 2.931365966796875e+02, 2.931164245605469e+02, 2.931584167480469e+02, 2.931541748046875e+02, 2.931607666015625e+02, 2.931454162597656e+02, 2.931417236328125e+02, 2.931451416015625e+02, 2.929677734375e+02, 2.9319189453125e+02, 2.931678161621094e+02, 2.931490478515625e+02, 2.930127868652344e+02, 2.934044799804688e+02, 2.931492919921875e+02, 2.930280151367188e+02, 2.931860656738281e+02, 2.931383666992188e+02, 2.932508544921875e+02, 2.931410522460938e+02]
bui.terUniHea.QReqHea_flow=[1.823e+04, 1.9166904296875e+04, 2.3183625e+04, 2.61755859375e+04, 7.74650703125e+04, 2.5307759765625e+04, 2.3810955078125e+04, 5.860314453125004e+04, 3.583986328125e+04, 1.47858388671875e+04, 6.1009578125e+04, 5.46262421875e+04, 5.7369484375e+04, 1.648243359375e+04, 2.303720507812501e+04, 2.839984375e+04, 3.308358203125e+04, 3.641284375000001e+04, 8.817546875e+04, 3.60429609375e+04, 3.44023828125e+04, 3.492191015625e+04, 5.761500390625e+04, 1.32938994140625e+04, 3.30650390625e+04, 6.206e+04, 5.79527890625e+04, 4.8849328125e+04, 2.390453320312503e+04, 2.9071302734375e+04, 3.348101953125e+04, 3.675559765625e+04, 8.4768375e+04, 6.5100796875e+04, 3.434975390624995e+04, 2.0915212890625e+04, 5.68405234375e+04, 3.118868408203125e+03, 9.9768876953125e+03, 5.671216015625e+04, 4.592536328125e+04, 5.472299218749998e+04, 1.38582802734375e+04, 2.267275e+04, 2.9603423828125e+04, 3.510576953125e+04, 4.939738671875e+04, 8.882746875e+04, 4.106209375e+04, 4.09918828125e+04, 8.879e+04, 4.05102421875e+04, 3.74203671875e+04, 9.1466984375e+04, 7.9560734375e+04, 8.49035078125e+04, 3.396172265625014e+04, 4.538020703124996e+04, 4.98362421875e+04, 5.0819265625e+04, 5.21085859375e+04, 1.085195e+05, 4.795008984375e+04, 5.295652734375e+04, 8.2708296875e+04, 9.3111125e+04, 4.887903515625e+04, 8.63100078125e+04, 1.022649218749998e+05, 9.784197656249994e+04, 6.3354078125e+04, 5.49254921875e+04, 5.500849609375e+04, 5.857159765625e+04, 6.142234375e+04, 1.2508e+05, 7.23245078125e+04, 6.315011328125e+04, 6.205686328125e+04, 1.1564365625e+05, 5.230916015625e+04, 6.072353125000106e+04, 1.158878515625001e+05, 1.0466771875e+05, 1.072193359375e+05, 5.74762734375e+04, 6.05759375e+04, 6.353008984375e+04, 6.624284375e+04, 1.005386953125e+05, 1.1654946875e+05, 6.6385203125e+04, 6.747103125e+04, 1.278174375e+05, 4.773111328125e+04, 5.285979296875e+04, 1.124612890625e+05, 9.6887234375e+04, 1.02459359375e+05, 4.658624609375e+04, 5.609e+04]
bui.terUniHea.QActHea_flow=[-0e+00, 1.9075630859375e+04, 2.3131345703125e+04, 2.5959259765625e+04, 7.759859375e+04, 2.5226267578125e+04, 2.3887451171875e+04, 5.721385546875004e+04, 3.761784765625e+04, 1.47140556640625e+04, 5.964400390625e+04, 5.48924375e+04, 5.7264109375e+04, 1.7585970703125e+04, 2.295831835937501e+04, 2.8315064453125e+04, 3.301973046875e+04, 3.637653125000001e+04, 8.81143828125e+04, 3.6892125e+04, 3.456581640625e+04, 3.368689453125e+04, 5.812119921875e+04, 1.30935654296875e+04, 3.1457208984375e+04, 6.22689453125e+04, 5.77626953125e+04, 5.0542671875e+04, 2.377973242187503e+04, 2.8999072265625e+04, 3.342413671875e+04, 3.671401171875e+04, 8.30070546875e+04, 6.7207546875e+04, 3.442455859374995e+04, 2.1046017578125e+04, 5.717270703125e+04, 3.08216650390625e+03, 9.8186484375e+03, 5.69689609375e+04, 4.5827234375e+04, 5.467428515624998e+04, 1.35981982421875e+04, 2.2568818359375e+04, 2.94991015625e+04, 3.50308203125e+04, 4.7754796875e+04, 8.90140703125e+04, 4.08636953125e+04, 4.10456328125e+04, 8.8521046875e+04, 4.226343359375e+04, 3.736553125e+04, 9.13687890625e+04, 7.980746875e+04, 8.478225e+04, 3.393080859375012e+04, 4.531308203124996e+04, 4.979379296875e+04, 5.0801515625e+04, 5.208597265625e+04, 1.085797109375e+05, 4.787086328125e+04, 5.2963609375e+04, 8.03728125e+04, 9.465175e+04, 4.870367578125e+04, 8.39456796875e+04, 1.025868359374998e+05, 9.775304687499994e+04, 6.565509375e+04, 5.492108203125e+04, 5.5007671875e+04, 5.851426953125e+04, 6.139529296875e+04, 1.246967421875e+05, 7.46339140625e+04, 6.317065234375e+04, 6.188998046875e+04, 1.160047109375e+05, 5.209648828125e+04, 6.014748828125097e+04, 1.160889062500001e+05, 1.0454803125e+05, 1.080371875e+05, 5.720654296875e+04, 6.054610546875e+04, 6.34654296875e+04, 6.62229453125e+04, 9.78809140625e+04, 1.181982734375e+05, 6.62517578125e+04, 6.74625234375e+04, 1.280127109375e+05, 4.86780390625e+04, 5.281595703125e+04, 1.125398828125e+05, 9.69845078125e+04, 1.023920859375e+05, 4.63452265625e+04, 5.601810546875e+04]
bui.terUniCoo.QReqCoo_flow=[0e+00, 0e+00, 0e+00, 0e+00, 0e+00, 0e+00, 0e+00, 0e+00, 0e+00, 0e+00, 0e+00, 0e+00, 0e+00, 0e+00, 0e+00, 0e+00, 0e+00, 0e+00, 0e+00, 0e+00, 0e+00, 0e+00, 0e+00, 0e+00, 0e+00, 0e+00, 0e+00, 0e+00, 0e+00, 0e+00, 0e+00, 0e+00, 0e+00, 0e+00, 0e+00, 0e+00, 0e+00, 0e+00, 0e+00, 0e+00, 0e+00, 0e+00, 0e+00, 0e+00, 0e+00, 0e+00, 0e+00, 0e+00, 0e+00, 0e+00, 0e+00, 0e+00, 0e+00, 0e+00, 0e+00, 0e+00, 0e+00, 0e+00, 0e+00, 0e+00, 0e+00, 0e+00, 0e+00, 0e+00, 0e+00, 0e+00, 0e+00, 0e+00, 0e+00, 0e+00, 0e+00, 0e+00, 0e+00, 0e+00, 0e+00, 0e+00, 0e+00, 0e+00, 0e+00, 0e+00, 0e+00, 0e+00, 0e+00, 0e+00, 0e+00, 0e+00, 0e+00, 0e+00, 0e+00, 0e+00, 0e+00, 0e+00, 0e+00, 0e+00, 0e+00, 0e+00, 0e+00, 0e+00, 0e+00, 0e+00, 0e+00]
bui.terUniCoo.QActCoo_flow=[-0e+00, -0e+00, -0e+00, -0e+00, -0e+00, -0e+00, -0e+00, 0e+00, -0e+00, -0e+00, -0e+00, -0e+00, -0e+00, -0e+00, 0e+00, -0e+00, -0e+00, 0e+00, -0e+00, -0e+00, -0e+00, -0e+00, -0e+00, -0e+00, -0e+00, -0e+00, -0e+00, -0e+00, 0e+00, -0e+00, -0e+00, -0e+00, -0e+00, -0e+00, 0e+00, -0e+00, -0e+00, -0e+00, -0e+00, -0e+00, -0e+00, 0e+00, -0e+00, -0e+00, -0e+00, -0e+00, -0e+00, -0e+00, -0e+00, -0e+00, -0e+00, -0e+00, -0e+00, -0e+00, -0e+00, -0e+00, 0e+00, 0e+00, -0e+00, -0e+00, -0e+00, -0e+00, -0e+00, -0e+00, -0e+00, -0e+00, -0e+00, -0e+00, 0e+00, 0e+00, -0e+00, -0e+00, -0e+00, -0e+00, -0e+00, -0e+00, -0e+00, -0e+00, -0e+00, -0e+00, -0e+00, 0e+00, 0e+00, -0e+00, -0e+00, -0e+00, -0e+00, -0e+00, -0e+00, -0e+00, -0e+00, -0e+00, -0e+00, -0e+00, -0e+00, -0e+00, -0e+00, -0e+00, -0e+00, -0e+00, -0e+00]
supHeaWat.T_in=[3.131499938964844e+02, 3.131499938964844e+02]
bui.terUniHea.T_aHeaWat_nominal=[3.131499938964844e+02, 3.131499938964844e+02]
bui.disFloHea.mReq_flow[1]=[8.71414914727211e-02, 8.187192678451538e-01, 1.000316619873047e+00, 1.127879023551941e+00, 3.55516505241394e+00, 1.099463582038879e+00, 1.035465002059937e+00, 2.558282375335696e+00, 1.672037959098816e+00, 6.254062652587891e-01, 2.669467449188232e+00, 2.4732506275177e+00, 2.580416679382324e+00, 7.599344253540039e-01, 9.923949837684637e-01, 1.234326839447021e+00, 1.449117302894592e+00, 1.603659272193909e+00, 4.053222179412842e+00, 1.645488858222961e+00, 1.522292494773865e+00, 1.477961540222168e+00, 2.627005338668823e+00, 5.538877248764038e-01, 1.372699499130249e+00, 2.82199764251709e+00, 2.604998588562012e+00, 2.273118019104004e+00, 1.029509663581849e+00, 1.265510201454163e+00, 1.467673778533936e+00, 1.619139075279236e+00, 3.783901691436768e+00, 3.078767061233521e+00, 1.516109466552732e+00, 9.086320400238037e-01, 2.573649406433105e+00, 1.225200966000557e-01, 4.064284861087799e-01, 2.562772035598755e+00, 2.044398784637451e+00, 2.457641839981078e+00, 5.765549540519714e-01, 9.747448563575745e-01, 1.287916660308838e+00, 1.541239738464355e+00, 2.125943422317505e+00, 4.119744300842285e+00, 1.814874172210693e+00, 1.820831894874573e+00, 4.061166286468506e+00, 1.895868182182312e+00, 1.649254560470581e+00, 4.200765132904053e+00, 3.676012754440308e+00, 3.910520315170288e+00, 1.50403237342835e+00, 2.017936706542967e+00, 2.228165149688721e+00, 2.276429891586304e+00, 2.336933374404907e+00, 5.080093383789062e+00, 2.155735015869141e+00, 2.379041433334351e+00, 3.666558504104614e+00, 4.41498327255249e+00, 2.179230690002441e+00, 3.835534334182739e+00, 4.801682949066152e+00, 4.555492401123044e+00, 3.013766765594482e+00, 2.470406055450439e+00, 2.475449562072754e+00, 2.640890121459961e+00, 2.778674125671387e+00, 5.852339744567871e+00, 3.460673332214355e+00, 2.865630388259888e+00, 2.803575754165649e+00, 5.470783233642578e+00, 2.348605394363403e+00, 2.71806168556218e+00, 5.473337173461919e+00, 4.900293350219727e+00, 5.075300216674805e+00, 2.581358671188354e+00, 2.738346576690674e+00, 2.877420902252197e+00, 3.010312795639038e+00, 4.519088268280029e+00, 5.604092597961426e+00, 3.015332698822021e+00, 3.070607423782349e+00, 6.051091194152832e+00, 2.206322193145752e+00, 2.371725559234619e+00, 5.267411231994629e+00, 4.527609348297119e+00, 4.786584377288818e+00, 2.078412055969238e+00, 2.522229671478271e+00]
bui.disFloHea.mAct_flow[1].y=[8.71414914727211e-02, 8.187192678451538e-01, 1.000316619873047e+00, 1.127879023551941e+00, 3.55516505241394e+00, 1.099463582038879e+00, 1.035465002059937e+00, 2.558282375335696e+00, 1.672037959098816e+00, 6.254062652587891e-01, 2.669467449188232e+00, 2.4732506275177e+00, 2.580416679382324e+00, 7.599344253540039e-01, 9.923949837684637e-01, 1.234326839447021e+00, 1.449117302894592e+00, 1.603659272193909e+00, 4.053222179412842e+00, 1.645488858222961e+00, 1.522292494773865e+00, 1.477961540222168e+00, 2.627005338668823e+00, 5.538877248764038e-01, 1.372699499130249e+00, 2.82199764251709e+00, 2.604998588562012e+00, 2.273118019104004e+00, 1.029509663581849e+00, 1.265510201454163e+00, 1.467673778533936e+00, 1.619139075279236e+00, 3.783901691436768e+00, 3.078767061233521e+00, 1.516109466552732e+00, 9.086320400238037e-01, 2.573649406433105e+00, 1.225200966000557e-01, 4.064284861087799e-01, 2.562772035598755e+00, 2.044398784637451e+00, 2.457641839981078e+00, 5.765549540519714e-01, 9.747448563575745e-01, 1.287916660308838e+00, 1.541239738464355e+00, 2.125943422317505e+00, 4.119744300842285e+00, 1.814874172210693e+00, 1.820831894874573e+00, 4.061166286468506e+00, 1.895868182182312e+00, 1.649254560470581e+00, 4.200765132904053e+00, 3.676012754440308e+00, 3.910520315170288e+00, 1.50403237342835e+00, 2.017936706542967e+00, 2.228165149688721e+00, 2.276429891586304e+00, 2.336933374404907e+00, 5.080093383789062e+00, 2.155735015869141e+00, 2.379041433334351e+00, 3.666558504104614e+00, 4.41498327255249e+00, 2.179230690002441e+00, 3.835534334182739e+00, 4.801682949066152e+00, 4.555492401123044e+00, 3.013766765594482e+00, 2.470406055450439e+00, 2.475449562072754e+00, 2.640890121459961e+00, 2.778674125671387e+00, 5.852339744567871e+00, 3.460673332214355e+00, 2.865630388259888e+00, 2.803575754165649e+00, 5.470783233642578e+00, 2.348605394363403e+00, 2.71806168556218e+00, 5.473337173461919e+00, 4.900293350219727e+00, 5.075300216674805e+00, 2.581358671188354e+00, 2.738346576690674e+00, 2.877420902252197e+00, 3.010312795639038e+00, 4.519088268280029e+00, 5.604092597961426e+00, 3.015332698822021e+00, 3.070607423782349e+00, 6.051091194152832e+00, 2.206322193145752e+00, 2.371725559234619e+00, 5.267411231994629e+00, 4.527609348297119e+00, 4.786584377288818e+00, 2.078412055969238e+00, 2.522229671478271e+00]
bui.disFloHea.m_flow_nominal=[8.015774726867676e+00, 8.015774726867676e+00]
bui.loa.y[2]=[1.823e+04, 1.9166904296875e+04, 2.3183625e+04, 2.61755859375e+04, 7.74650703125e+04, 2.5307759765625e+04, 2.3810955078125e+04, 5.860314453125004e+04, 3.583986328125e+04, 1.47858388671875e+04, 6.1009578125e+04, 5.46262421875e+04, 5.7369484375e+04, 1.648243359375e+04, 2.303720507812501e+04, 2.839984375e+04, 3.308358203125e+04, 3.641284375000001e+04, 8.817546875e+04, 3.60429609375e+04, 3.44023828125e+04, 3.492191015625e+04, 5.761500390625e+04, 1.32938994140625e+04, 3.30650390625e+04, 6.206e+04, 5.79527890625e+04, 4.8849328125e+04, 2.390453320312503e+04, 2.9071302734375e+04, 3.348101953125e+04, 3.675559765625e+04, 8.4768375e+04, 6.5100796875e+04, 3.434975390624995e+04, 2.0915212890625e+04, 5.68405234375e+04, 3.118868408203125e+03, 9.9768876953125e+03, 5.671216015625e+04, 4.592536328125e+04, 5.472299218749998e+04, 1.38582802734375e+04, 2.267275e+04, 2.9603423828125e+04, 3.510576953125e+04, 4.939738671875e+04, 8.882746875e+04, 4.106209375e+04, 4.09918828125e+04, 8.879e+04, 4.05102421875e+04, 3.74203671875e+04, 9.1466984375e+04, 7.9560734375e+04, 8.49035078125e+04, 3.396172265625014e+04, 4.538020703124996e+04, 4.98362421875e+04, 5.0819265625e+04, 5.21085859375e+04, 1.085195e+05, 4.795008984375e+04, 5.295652734375e+04, 8.2708296875e+04, 9.3111125e+04, 4.887903515625e+04, 8.63100078125e+04, 1.022649218749998e+05, 9.784197656249994e+04, 6.3354078125e+04, 5.49254921875e+04, 5.500849609375e+04, 5.857159765625e+04, 6.142234375e+04, 1.2508e+05, 7.23245078125e+04, 6.315011328125e+04, 6.205686328125e+04, 1.1564365625e+05, 5.230916015625e+04, 6.072353125000106e+04, 1.158878515625001e+05, 1.0466771875e+05, 1.072193359375e+05, 5.74762734375e+04, 6.05759375e+04, 6.353008984375e+04, 6.624284375e+04, 1.005386953125e+05, 1.1654946875e+05, 6.6385203125e+04, 6.747103125e+04, 1.278174375e+05, 4.773111328125e+04, 5.285979296875e+04, 1.124612890625e+05, 9.6887234375e+04, 1.02459359375e+05, 4.658624609375e+04, 5.609e+04]
bui.QHea_flow_nominal=[1.6769e+05, 1.6769e+05]
supChiWat.T_in=[2.801499938964844e+02, 2.801499938964844e+02]
bui.terUniCoo.T_aChiWat_nominal=[2.801499938964844e+02, 2.801499938964844e+02]
bui.disFloCoo.mReq_flow[1]=[1.401298464324817e-45, 1.401298464324817e-45, 1.401298464324817e-45, 1.401298464324817e-45, 2.758031602851253e-14, 2.758029569972179e-14, 2.758029569972179e-14, 2.758029569972179e-14, 2.758029569972179e-14, 2.758029569972179e-14, 2.758029569972179e-14, 2.758029569972179e-14, 2.75454640108648e-14, 2.754535897877934e-14, 2.754535897877934e-14, 2.754535897877934e-14, 2.754535897877934e-14, 2.754535897877934e-14, 2.754535897877934e-14, 2.754535897877934e-14, 2.754535897877934e-14, 2.754535897877934e-14, 2.754535897877934e-14, 2.754535897877934e-14, 2.754535897877934e-14, 2.754535897877934e-14, 2.754535897877934e-14, 2.754535897877934e-14, 2.754535897877934e-14, 2.754535897877934e-14, 2.754535897877934e-14, 2.754535897877934e-14, 2.754535728471345e-14, 2.754535728471345e-14, 2.754535728471345e-14, 2.754535728471345e-14, 2.754584009349338e-14, 2.754584178755928e-14, 2.754584178755928e-14, 2.754584178755928e-14, 2.754584178755928e-14, 2.754584178755928e-14, 2.755425282472551e-14, 2.755425282472551e-14, 2.755425282472551e-14, 2.755425282472551e-14, 2.755425282472551e-14, 2.528768074929952e-14, 2.232110539966952e-14, 2.404171391861328e-14, 2.404263040826221e-14, 2.404262702013042e-14, 2.404262702013042e-14, 2.404262702013042e-14, 2.404262702013042e-14, 2.404262702013042e-14, 2.404262702013042e-14, 2.404262702013042e-14, 2.404262702013042e-14, 2.404262702013042e-14, 2.404262702013042e-14, 2.404262702013042e-14, 2.404262702013042e-14, 2.404262702013042e-14, 2.404262702013042e-14, 2.404400768383445e-14, 2.40442702640481e-14, 2.40442702640481e-14, 2.40442702640481e-14, 2.40442702640481e-14, 2.40442702640481e-14, 2.40442702640481e-14, 2.40442702640481e-14, 2.40442702640481e-14, 2.40442702640481e-14, 2.40442702640481e-14, 2.40442702640481e-14, 2.40442702640481e-14, 2.40442702640481e-14, 2.40442702640481e-14, 2.40442702640481e-14, 2.40442702640481e-14, 2.40442702640481e-14, 2.40442702640481e-14, 2.40442702640481e-14, 2.40442702640481e-14, 2.40442702640481e-14, 2.40442702640481e-14, 2.40442702640481e-14, 2.61188945092309e-14, 2.612270785155944e-14, 1.421699807576185e-13, 1.041302189874055e-13, 1.041302325399326e-13, 1.041302325399326e-13, 1.041302325399326e-13, 1.041302325399326e-13, 1.041302325399326e-13, 1.041302325399326e-13, 1.041302325399326e-13, 1.041302325399326e-13]
bui.disFloCoo.mAct_flow[1].y=[1.401298464324817e-45, 1.401298464324817e-45, 1.401298464324817e-45, 1.401298464324817e-45, 2.758031602851253e-14, 2.758029569972179e-14, 2.758029569972179e-14, 2.758029569972179e-14, 2.758029569972179e-14, 2.758029569972179e-14, 2.758029569972179e-14, 2.758029569972179e-14, 2.75454640108648e-14, 2.754535897877934e-14, 2.754535897877934e-14, 2.754535897877934e-14, 2.754535897877934e-14, 2.754535897877934e-14, 2.754535897877934e-14, 2.754535897877934e-14, 2.754535897877934e-14, 2.754535897877934e-14, 2.754535897877934e-14, 2.754535897877934e-14, 2.754535897877934e-14, 2.754535897877934e-14, 2.754535897877934e-14, 2.754535897877934e-14, 2.754535897877934e-14, 2.754535897877934e-14, 2.754535897877934e-14, 2.754535897877934e-14, 2.754535728471345e-14, 2.754535728471345e-14, 2.754535728471345e-14, 2.754535728471345e-14, 2.754584009349338e-14, 2.754584178755928e-14, 2.754584178755928e-14, 2.754584178755928e-14, 2.754584178755928e-14, 2.754584178755928e-14, 2.755425282472551e-14, 2.755425282472551e-14, 2.755425282472551e-14, 2.755425282472551e-14, 2.755425282472551e-14, 2.528768074929952e-14, 2.232110539966952e-14, 2.404171391861328e-14, 2.404263040826221e-14, 2.404262702013042e-14, 2.404262702013042e-14, 2.404262702013042e-14, 2.404262702013042e-14, 2.404262702013042e-14, 2.404262702013042e-14, 2.404262702013042e-14, 2.404262702013042e-14, 2.404262702013042e-14, 2.404262702013042e-14, 2.404262702013042e-14, 2.404262702013042e-14, 2.404262702013042e-14, 2.404262702013042e-14, 2.404400768383445e-14, 2.40442702640481e-14, 2.40442702640481e-14, 2.40442702640481e-14, 2.40442702640481e-14, 2.40442702640481e-14, 2.40442702640481e-14, 2.40442702640481e-14, 2.40442702640481e-14, 2.40442702640481e-14, 2.40442702640481e-14, 2.40442702640481e-14, 2.40442702640481e-14, 2.40442702640481e-14, 2.40442702640481e-14, 2.40442702640481e-14, 2.40442702640481e-14, 2.40442702640481e-14, 2.40442702640481e-14, 2.40442702640481e-14, 2.40442702640481e-14, 2.40442702640481e-14, 2.40442702640481e-14, 2.40442702640481e-14, 2.61188945092309e-14, 2.612270785155944e-14, 1.421699807576185e-13, 1.041302189874055e-13, 1.041302325399326e-13, 1.041302325399326e-13, 1.041302325399326e-13, 1.041302325399326e-13, 1.041302325399326e-13, 1.041302325399326e-13, 1.041302325399326e-13, 1.041302325399326e-13]
bui.disFloCoo.m_flow_nominal=[7.024856567382812e+00, 7.024856567382812e+00]
bui.loa.y[1]=[0e+00, 0e+00, 0e+00, 0e+00, 0e+00, 0e+00, 0e+00, 0e+00, 0e+00, 0e+00, 0e+00, 0e+00, 0e+00, 0e+00, 0e+00, 0e+00, 0e+00, 0e+00, 0e+00, 0e+00, 0e+00, 0e+00, 0e+00, 0e+00, 0e+00, 0e+00, 0e+00, 0e+00, 0e+00, 0e+00, 0e+00, 0e+00, 0e+00, 0e+00, 0e+00, 0e+00, 0e+00, 0e+00, 0e+00, 0e+00, 0e+00, 0e+00, 0e+00, 0e+00, 0e+00, 0e+00, 0e+00, 0e+00, 0e+00, 0e+00, 0e+00, 0e+00, 0e+00, 0e+00, 0e+00, 0e+00, 0e+00, 0e+00, 0e+00, 0e+00, 0e+00, 0e+00, 0e+00, 0e+00, 0e+00, 0e+00, 0e+00, 0e+00, 0e+00, 0e+00, 0e+00, 0e+00, 0e+00, 0e+00, 0e+00, 0e+00, 0e+00, 0e+00, 0e+00, 0e+00, 0e+00, 0e+00, 0e+00, 0e+00, 0e+00, 0e+00, 0e+00, 0e+00, 0e+00, 0e+00, 0e+00, 0e+00, 0e+00, 0e+00, 0e+00, 0e+00, 0e+00, 0e+00, 0e+00, 0e+00, 0e+00]
bui.QCoo_flow_nominal=[-1.4696e+05, -1.4696e+05]
EHeaReq.y=[0e+00, 1.08552816e+08, 2.37646256e+08, 3.86163136e+08, 7.771184e+08, 1.068273024e+09, 1.224275328e+09, 1.399771008e+09, 1.754158464e+09, 1.843153664e+09, 1.997908352e+09, 2.369706496e+09, 2.695151872e+09, 2.995610112e+09, 3.105959424e+09, 3.261283072e+09, 3.448045056e+09, 3.659393536e+09, 4.019819264e+09, 4.474270208e+09, 4.69128192e+09, 4.873685504e+09, 5.239453184e+09, 5.388018688e+09, 5.499253248e+09, 5.871881728e+09, 6.21638912e+09, 6.581019648e+09, 6.719872512000001e+09, 6.881060352e+09, 7.07079936e+09, 7.283530752e+09, 7.5657088e+09, 8.09625088e+09, 8.329284608000001e+09, 8.496351744e+09, 8.758633472e+09, 8.944996352e+09, 8.983632896e+09, 9.23019264e+09, 9.53034752e+09, 9.838681087999998e+09, 1.0002511872e+10, 1.0118194176e+10, 1.0276078592e+10, 1.0472623104e+10, 1.0700515328e+10, 1.12098304e+10, 1.1536352256e+10, 1.179035648e+10, 1.2121105408e+10, 1.258384384e+10, 1.2786961408e+10, 1.3125194752e+10, 1.3650369536e+10, 1.414030336e+10, 1.4551989248e+10, 1.480060928e+10, 1.5089984512e+10, 1.5395218432e+10, 1.570686976e+10, 1.6224324608e+10, 1.6727276544e+10, 1.7041447936e+10, 1.7381828608e+10, 1.8007048192e+10, 1.8334834688e+10, 1.8669244416e+10, 1.930647756800001e+10, 1.9892891648e+10, 2.046298112e+10, 2.0768489472e+10, 2.1101031424e+10, 2.1443715072e+10, 2.180738048e+10, 2.2297022464e+10, 2.2986033152e+10, 2.3358941184e+10, 2.3736324096e+10, 2.4365248512e+10, 2.4839120896e+10, 2.5184190464e+10, 2.581390745599999e+10, 2.6467284992e+10, 2.7118907392e+10, 2.7511269376e+10, 2.7871461376e+10, 2.8245610496e+10, 2.8639942656e+10, 2.906645504e+10, 2.98220032e+10, 3.026531328e+10, 3.0671323136e+10, 3.1243829248e+10, 3.184070656e+10, 3.2143695872e+10, 3.263633408e+10, 3.3272881152e+10, 3.3875494912e+10, 3.4326818816e+10, 3.4647834624e+10]
EHeaAct.y=[0e+00, 1.06840968e+08, 2.35554112e+08, 3.83805792e+08, 7.6967968e+08, 1.06597376e+09, 1.222108416e+09, 1.394433024e+09, 1.750642688e+09, 1.841846016e+09, 1.992337408e+09, 2.364529664e+09, 2.689754624e+09, 2.994009088e+09, 3.103884032e+09, 3.258701568e+09, 3.445014272e+09, 3.656039168e+09, 4.011340544e+09, 4.470819328e+09, 4.688095744e+09, 4.870605824e+09, 5.233952768e+09, 5.38686208e+09, 5.496397824e+09, 5.865975808e+09, 6.210940928e+09, 6.576247296e+09, 6.717720064000001e+09, 6.878413312e+09, 7.067729408e+09, 7.280143872e+09, 7.557810688e+09, 8.089788928e+09, 8.326112256000001e+09, 8.494449664e+09, 8.753246208e+09, 8.944740352e+09, 8.982785024e+09, 9.224828928e+09, 9.52607232e+09, 9.833540607999998e+09, 1.0001307648e+10, 1.0116156416e+10, 1.0273385472e+10, 1.0469399552e+10, 1.069608448e+10, 1.1201210368e+10, 1.1532557312e+10, 1.17865472e+10, 1.2112612352e+10, 1.257986048e+10, 1.2783511552e+10, 1.3116406784e+10, 1.3642677248e+10, 1.4132123648e+10, 1.454884352e+10, 1.4796388352e+10, 1.5085324288e+10, 1.5390456832e+10, 1.5701981184e+10, 1.6213696512e+10, 1.6722767872e+10, 1.7036471296e+10, 1.7374181376e+10, 1.7997797376e+10, 1.8330277888e+10, 1.8661244928e+10, 1.929642803200001e+10, 1.9883362304e+10, 2.04566528e+10, 2.076332032e+10, 2.109585408e+10, 2.1438191616e+10, 2.1801568256e+10, 2.2284783616e+10, 2.2978770944e+10, 2.3352946688e+10, 2.3730460672e+10, 2.4353800192e+10, 2.4834209792e+10, 2.517851136e+10, 2.580245503999999e+10, 2.6457034752e+10, 2.7108282368e+10, 2.7505872896e+10, 2.786573312e+10, 2.8239591424e+10, 2.8633645056e+10, 2.9057026048e+10, 2.9810264064e+10, 3.0259007488e+10, 3.066489856e+10, 3.1231168512e+10, 3.1836082176e+10, 3.2138733568e+10, 3.2625313792e+10, 3.3263407104e+10, 3.386548224e+10, 3.432247296e+10, 3.4642558976e+10]
ECooReq.y=[0e+00, 0e+00, 0e+00, 0e+00, 0e+00, 0e+00, 0e+00, 0e+00, 0e+00, 0e+00, 0e+00, 0e+00, 0e+00, 0e+00, 0e+00, 0e+00, 0e+00, 0e+00, 0e+00, 0e+00, 0e+00, 0e+00, 0e+00, 0e+00, 0e+00, 0e+00, 0e+00, 0e+00, 0e+00, 0e+00, 0e+00, 0e+00, 0e+00, 0e+00, 0e+00, 0e+00, 0e+00, 0e+00, 0e+00, 0e+00, 0e+00, 0e+00, 0e+00, 0e+00, 0e+00, 0e+00, 0e+00, 0e+00, 0e+00, 0e+00, 0e+00, 0e+00, 0e+00, 0e+00, 0e+00, 0e+00, 0e+00, 0e+00, 0e+00, 0e+00, 0e+00, 0e+00, 0e+00, 0e+00, 0e+00, 0e+00, 0e+00, 0e+00, 0e+00, 0e+00, 0e+00, 0e+00, 0e+00, 0e+00, 0e+00, 0e+00, 0e+00, 0e+00, 0e+00, 0e+00, 0e+00, 0e+00, 0e+00, 0e+00, 0e+00, 0e+00, 0e+00, 0e+00, 0e+00, 0e+00, 0e+00, 0e+00, 0e+00, 0e+00, 0e+00, 0e+00, 0e+00, 0e+00, 0e+00, 0e+00, 0e+00]
ECooAct.y=[0e+00, 0e+00, 0e+00, 0e+00, 0e+00, 0e+00, 0e+00, 0e+00, 0e+00, 0e+00, 0e+00, 0e+00, 0e+00, 0e+00, 0e+00, 0e+00, 0e+00, 0e+00, 0e+00, 0e+00, 0e+00, 0e+00, 0e+00, 0e+00, 0e+00, 0e+00, 0e+00, 0e+00, 0e+00, 0e+00, 0e+00, 0e+00, 0e+00, 0e+00, 0e+00, 0e+00, 0e+00, 0e+00, 0e+00, 0e+00, 0e+00, 0e+00, 0e+00, 0e+00, 0e+00, 0e+00, 0e+00, 0e+00, 0e+00, 0e+00, 0e+00, 0e+00, 0e+00, 0e+00, 0e+00, 0e+00, 0e+00, 0e+00, 0e+00, 0e+00, 0e+00, 0e+00, 0e+00, 0e+00, 0e+00, 0e+00, 0e+00, 0e+00, 0e+00, 0e+00, 0e+00, 0e+00, 0e+00, 0e+00, 0e+00, 0e+00, 0e+00, 0e+00, 0e+00, 0e+00, 0e+00, 0e+00, 0e+00, 0e+00, 0e+00, 0e+00, 0e+00, 0e+00, 0e+00, 0e+00, 0e+00, 0e+00, 0e+00, 0e+00, 0e+00, 0e+00, 0e+00, 0e+00, 0e+00, 0e+00, 0e+00]
QAveHeaReq_flow.y=[0e+00, 1.886863671875e+04, 2.2994994140625e+04, 2.572169921875e+04, 7.78974140625e+04, 2.5040875e+04, 2.40542734375e+04, 5.409730468750007e+04, 4.129936328125e+04, 1.451941796875e+04, 5.651627734375e+04, 5.545638671875e+04, 5.7042546875e+04, 2.0386455078125e+04, 2.277094531250001e+04, 2.8043677734375e+04, 3.28551484375e+04, 3.630029687500001e+04, 8.80768046875e+04, 3.93450078125e+04, 3.494860546875e+04, 3.13181640625e+04, 5.931096484375e+04, 1.25969423828125e+04, 2.821446875e+04, 6.275018359375e+04, 5.736675390625e+04, 5.382523828125e+04, 2.343872851562504e+04, 2.8833951171875e+04, 3.32713828125e+04, 3.658955078125e+04, 7.903359375e+04, 7.13108359375e+04, 3.452108984374996e+04, 2.1369896484375e+04, 5.784371875e+04, 3.01178125e+03, 9.48118359375e+03, 5.751526171875e+04, 4.56558203125e+04, 5.456031640624997e+04, 1.30308681640625e+04, 2.23308671875e+04, 2.9245830078125e+04, 3.48511328125e+04, 4.4643e+04, 8.9428265625e+04, 4.04156953125e+04, 4.115707421875e+04, 8.75351328125e+04, 4.612530078125e+04, 3.72414296875e+04, 9.0898140625e+04, 8.03581328125e+04, 8.45435546875e+04, 3.406603906250009e+04, 4.517472265624996e+04, 4.9703640625e+04, 5.076907421875e+04, 5.204530859375e+04, 1.0876746875e+05, 4.769686328125e+04, 5.297916796875e+04, 7.5687890625e+04, 9.7259625e+04, 4.82705546875e+04, 7.9077421875e+04, 1.031851953124998e+05, 9.753504687499994e+04, 7.0470640625e+04, 5.49107734375e+04, 5.500573828125e+04, 5.83924296875e+04, 6.13387578125e+04, 1.23371359375e+05, 7.945171875e+04, 6.32031484375e+04, 6.182121875e+04, 1.167490078125e+05, 5.16350703125e+04, 5.947163281250078e+04, 1.165152343750001e+05, 1.04303203125e+05, 1.09009453125e+05, 5.6577859375e+04, 6.048625e+04, 6.3267796875e+04, 6.614175e+04, 9.2498921875e+04, 1.208796171875e+05, 6.5921453125e+04, 6.74469375e+04, 1.28470875e+05, 5.123926953125e+04, 5.273138671875e+04, 1.127841328125e+05, 9.73503984375e+04, 1.022374140625e+05, 4.5848921875e+04, 5.5853703125e+04]
QAveHeaAct_flow.y=[0e+00, 1.8779302734375e+04, 2.2942126953125e+04, 2.5645056640625e+04, 7.80127734375e+04, 2.4972033203125e+04, 2.4132078125e+04, 5.251530468750007e+04, 4.295682421875e+04, 1.4430345703125e+04, 5.48840859375e+04, 5.572736328125e+04, 5.6936265625e+04, 2.181183203125e+04, 2.268747460937501e+04, 2.7959328125e+04, 3.279081640625e+04, 3.626652343750001e+04, 8.80041171875e+04, 4.06994140625e+04, 3.51008515625e+04, 3.0421958984375e+04, 5.979482421875e+04, 1.24034228515625e+04, 2.69108671875e+04, 6.298128515625e+04, 5.717815234375e+04, 5.52306015625e+04, 2.326559570312504e+04, 2.8761474609375e+04, 3.32125859375e+04, 3.654384375e+04, 7.70263671875e+04, 7.32387890625e+04, 3.455011718749996e+04, 2.1534412109375e+04, 5.812335546875e+04, 3.025074462890625e+03, 9.344267578125e+03, 5.7747015625e+04, 4.560630078125e+04, 5.449085937499997e+04, 1.278578125e+04, 2.22262109375e+04, 2.9138484375e+04, 3.477453125e+04, 4.3418984375e+04, 8.9597625e+04, 4.021141015625e+04, 4.120744140625e+04, 8.67121328125e+04, 4.80333203125e+04, 3.71781171875e+04, 9.0299390625e+04, 8.06385078125e+04, 8.44208828125e+04, 3.440552734375006e+04, 4.510762109374996e+04, 4.965865234375e+04, 5.075562890625e+04, 5.202632421875e+04, 1.088088203125e+05, 4.773792578125e+04, 5.29863671875e+04, 7.3469890625e+04, 9.82955078125e+04, 4.806367578125e+04, 7.67631328125e+04, 1.034606484374998e+05, 9.743328124999994e+04, 7.2796703125e+04, 5.49040546875e+04, 5.500504296875e+04, 5.833416796875e+04, 6.130885546875e+04, 1.222581171875e+05, 8.19389140625e+04, 6.32196640625e+04, 6.18144765625e+04, 1.17068421875e+05, 5.145880859375e+04, 5.927682812500069e+04, 1.167040937500001e+05, 1.04201453125e+05, 1.09252078125e+05, 5.626919921875e+04, 6.04565078125e+04, 6.32068515625e+04, 6.61191171875e+04, 8.99820703125e+04, 1.2192403125e+05, 6.57479609375e+04, 6.74391015625e+04, 1.28555234375e+05, 5.274490625e+04, 5.269192578125e+04, 1.128165390625e+05, 9.754371875e+04, 1.021616484375e+05, 4.566845703125e+04, 5.57889140625e+04]
QAveCooReq_flow.y=[0e+00, 0e+00, 0e+00, 0e+00, 0e+00, 0e+00, 0e+00, 0e+00, 0e+00, 0e+00, 0e+00, 0e+00, 0e+00, 0e+00, 0e+00, 0e+00, 0e+00, 0e+00, 0e+00, 0e+00, 0e+00, 0e+00, 0e+00, 0e+00, 0e+00, 0e+00, 0e+00, 0e+00, 0e+00, 0e+00, 0e+00, 0e+00, 0e+00, 0e+00, 0e+00, 0e+00, 0e+00, 0e+00, 0e+00, 0e+00, 0e+00, 0e+00, 0e+00, 0e+00, 0e+00, 0e+00, 0e+00, 0e+00, 0e+00, 0e+00, 0e+00, 0e+00, 0e+00, 0e+00, 0e+00, 0e+00, 0e+00, 0e+00, 0e+00, 0e+00, 0e+00, 0e+00, 0e+00, 0e+00, 0e+00, 0e+00, 0e+00, 0e+00, 0e+00, 0e+00, 0e+00, 0e+00, 0e+00, 0e+00, 0e+00, 0e+00, 0e+00, 0e+00, 0e+00, 0e+00, 0e+00, 0e+00, 0e+00, 0e+00, 0e+00, 0e+00, 0e+00, 0e+00, 0e+00, 0e+00, 0e+00, 0e+00, 0e+00, 0e+00, 0e+00, 0e+00, 0e+00, 0e+00, 0e+00, 0e+00, 0e+00]
QAveCooAct_flow.y=[0e+00, 0e+00, 0e+00, 0e+00, 0e+00, 0e+00, 0e+00, 0e+00, 0e+00, 0e+00, 0e+00, 0e+00, 0e+00, 0e+00, 0e+00, 0e+00, 0e+00, 0e+00, 0e+00, 0e+00, 0e+00, 0e+00, 0e+00, 0e+00, 0e+00, 0e+00, 0e+00, 0e+00, 0e+00, 0e+00, 0e+00, 0e+00, 0e+00, 0e+00, 0e+00, 0e+00, 0e+00, 0e+00, 0e+00, 0e+00, 0e+00, 0e+00, 0e+00, 0e+00, 0e+00, 0e+00, 0e+00, 0e+00, 0e+00, 0e+00, 0e+00, 0e+00, 0e+00, 0e+00, 0e+00, 0e+00, 0e+00, 0e+00, 0e+00, 0e+00, 0e+00, 0e+00, 0e+00, 0e+00, 0e+00, 0e+00, 0e+00, 0e+00, 0e+00, 0e+00, 0e+00, 0e+00, 0e+00, 0e+00, 0e+00, 0e+00, 0e+00, 0e+00, 0e+00, 0e+00, 0e+00, 0e+00, 0e+00, 0e+00, 0e+00, 0e+00, 0e+00, 0e+00, 0e+00, 0e+00, 0e+00, 0e+00, 0e+00, 0e+00, 0e+00, 0e+00, 0e+00, 0e+00, 0e+00, 0e+00, 0e+00]
