last-generated=2020-09-04
statistics-initialization=
{
  "linear": "3"
}
statistics-simulation=
{
  "linear": "0, 2, 0",
  "nonlinear": " ",
  "number of continuous time states": "3",
  "numerical Jacobians": "0"
}
time=[0e+00, 3.1536e+07]
thermalZoneOneElement.TAir=[2.951499938964844e+02, 3.013315734863281e+02, 2.876994567871094e+02, 2.89820458984375e+02, 3.033323181152344e+02, 2.901597595214844e+02, 2.925299194335938e+02, 3.029416381835937e+02, 2.8899443359375e+02, 2.9211982421875e+02, 3.084260864257812e+02, 2.909875427246094e+02, 2.946828369140625e+02, 3.142946838378906e+02, 2.934225646972656e+02, 2.978739318847656e+02, 3.101801513671875e+02, 2.971365295410156e+02, 3.127463806152344e+02, 3.15676171875e+02, 3.012147521972656e+02, 3.135535949707031e+02, 3.032779235839844e+02, 2.962997619628906e+02, 3.195595947265625e+02, 3.048478393554688e+02, 3.002519836425781e+02, 3.157252563476562e+02, 3.012510131835937e+02, 3.017506958007813e+02, 3.259074096679688e+02, 3.000724609375e+02, 3.059288818359375e+02, 3.380396301269531e+02, 3.045187316894531e+02, 3.107937927246094e+02, 3.438313232421875e+02, 3.026288330078125e+02, 3.201222961425781e+02, 3.457014831542969e+02, 3.055743713378906e+02, 3.216186584472656e+02, 3.358653259277344e+02, 3.102723937988281e+02, 3.288234497070313e+02, 3.162112121582031e+02, 3.028185363769531e+02, 3.199079528808594e+02, 3.039639343261719e+02, 3.085758056640625e+02, 3.312209167480469e+02, 3.051433044433594e+02, 3.105453247070312e+02, 3.377330810546875e+02, 3.051135681152344e+02, 3.106057739257812e+02, 3.434801147460938e+02, 3.067547607421875e+02, 3.210018920898438e+02, 3.46015234375e+02, 3.083438110351562e+02, 3.271783386230469e+02, 3.067021484375e+02, 3.054067749023437e+02, 3.234801208496094e+02, 3.012769470214844e+02, 3.045464050292969e+02, 3.237338500976563e+02, 3.015522338867187e+02, 3.064763427734375e+02, 3.216590270996094e+02, 3.037917419433594e+02, 3.032390686035156e+02, 3.29926318359375e+02, 2.99021923828125e+02, 3.009212341308594e+02, 3.349423706054687e+02, 2.989918701171875e+02, 3.116450927734375e+02, 3.303556823730469e+02, 3.005621643066406e+02, 3.114396606445313e+02, 3.004295043945312e+02, 2.96842333984375e+02, 3.120720031738281e+02, 2.924379272460938e+02, 2.938720031738281e+02, 3.116635437011719e+02, 2.931702941894531e+02, 2.9695009765625e+02, 3.09306884765625e+02, 2.91650390625e+02, 2.933483215332031e+02, 3.0331728515625e+02, 2.889228088378906e+02, 2.914081115722656e+02, 3.004611145019531e+02, 2.896421142578125e+02, 2.995427978515625e+02, 2.976945495605469e+02, 2.912431945800781e+02]
