last-generated=2020-09-04
statistics-initialization=
{
  "nonlinear": "1, 1, 1, 1, 1, 13",
  "numerical Jacobians": "0"
}
statistics-simulation=
{
  "linear": "0, 0, 0, 0, 0, 0, 0, 0, 0, 0, 0",
  "nonlinear": "1, 1, 1, 1, 1, 1, 1, 11",
  "number of continuous time states": "33",
  "numerical Jacobians": "0"
}
time=[0e+00, 6.048e+05]
conWin.T=[2.931499938964844e+02, 2.852892456054688e+02, 2.837122497558594e+02, 2.818436279296875e+02, 2.813778076171875e+02, 2.84064208984375e+02, 2.935347900390625e+02, 2.9627490234375e+02, 2.966357421875e+02, 2.99187744140625e+02, 2.94788330078125e+02, 2.91281005859375e+02, 2.887962951660156e+02, 2.869091491699219e+02, 2.849290161132812e+02, 2.846189270019531e+02, 2.825957336425781e+02, 2.812174377441406e+02, 2.820238037109375e+02, 2.83157470703125e+02, 2.912792358398438e+02, 2.96398681640625e+02, 2.972798767089844e+02, 2.96998046875e+02, 2.957687377929688e+02, 2.912710571289062e+02, 2.8954248046875e+02, 2.873098449707031e+02, 2.860312805175781e+02, 2.851903991699219e+02, 2.853755798339844e+02, 2.871070251464844e+02, 2.864523620605469e+02, 2.862297668457031e+02, 2.901018676757813e+02, 2.957125244140625e+02, 2.969322509765625e+02, 2.979561157226562e+02, 2.975723266601562e+02, 2.934265441894531e+02, 2.905970153808594e+02, 2.880809020996094e+02, 2.862899475097656e+02, 2.85393798828125e+02, 2.842422790527344e+02, 2.834028015136719e+02, 2.813630676269531e+02, 2.809479370117188e+02, 2.840233764648438e+02, 2.863751525878906e+02, 2.926688232421875e+02, 2.960554809570312e+02, 2.938978271484375e+02, 2.904802856445312e+02, 2.883685302734375e+02, 2.863573913574219e+02, 2.852416687011719e+02, 2.840616455078125e+02, 2.834323120117188e+02, 2.816409606933594e+02, 2.804257507324219e+02, 2.799916381835938e+02, 2.822617492675781e+02, 2.859399108886719e+02, 2.94261962890625e+02, 2.966153564453125e+02, 2.967677001953125e+02, 2.940204162597656e+02, 2.901398315429688e+02, 2.874836730957031e+02, 2.856726989746094e+02, 2.845590209960938e+02, 2.835697326660156e+02, 2.827139587402344e+02, 2.821827697753906e+02, 2.814844970703125e+02, 2.815110168457031e+02, 2.86526123046875e+02, 2.889016418457031e+02, 2.933967590332031e+02, 2.959555053710938e+02, 2.946641540527343e+02, 2.897883911132813e+02, 2.871976318359375e+02, 2.849627990722656e+02, 2.849852905273438e+02, 2.84587158203125e+02, 2.840982055664062e+02, 2.824238586425781e+02, 2.824583435058594e+02, 2.828990173339844e+02, 2.838915100097656e+02, 2.854888610839844e+02, 2.849572448730469e+02, 2.893500061035156e+02, 2.914246215820312e+02, 2.87927001953125e+02, 2.858709716796875e+02, 2.836888122558594e+02, 2.826361694335938e+02, 2.815925598144531e+02]
weaBus.TDryBul=[2.803500061035156e+02, 2.803500061035156e+02, 2.796492004394531e+02, 2.775109558105469e+02, 2.788376770019531e+02, 2.791992797851562e+02, 2.820916748046875e+02, 2.830060119628906e+02, 2.839751892089844e+02, 2.872106018066406e+02, 2.845506896972656e+02, 2.840062255859375e+02, 2.836132202148438e+02, 2.826370239257812e+02, 2.803024597167969e+02, 2.816935119628906e+02, 2.78849365234375e+02, 2.779843139648438e+02, 2.806324768066406e+02, 2.80310791015625e+02, 2.843766784667969e+02, 2.870499877929688e+02, 2.870499877929688e+02, 2.859588623046875e+02, 2.854734191894531e+02, 2.8375e+02, 2.850522155761719e+02, 2.826613464355469e+02, 2.825427856445312e+02, 2.823992919921875e+02, 2.8385546875e+02, 2.870542907714844e+02, 2.855123291015625e+02, 2.841331481933594e+02, 2.849729614257812e+02, 2.853637084960938e+02, 2.884548950195312e+02, 2.89312744140625e+02, 2.872749633789062e+02, 2.864684143066406e+02, 2.85093994140625e+02, 2.832398986816406e+02, 2.820499877929688e+02, 2.819875183105469e+02, 2.809872131347656e+02, 2.801845397949219e+02, 2.776939392089844e+02, 2.780962829589844e+02, 2.808972473144531e+02, 2.820547180175781e+02, 2.831499938964844e+02, 2.838023681640625e+02, 2.833143920898438e+02, 2.831430969238281e+02, 2.826874389648438e+02, 2.82371826171875e+02, 2.820031738281249e+02, 2.813147583007812e+02, 2.8097509765625e+02, 2.779477844238281e+02, 2.774786682128906e+02, 2.780751953125e+02, 2.7993359375e+02, 2.802977600097656e+02, 2.817723999023438e+02, 2.827184143066406e+02, 2.842395324707031e+02, 2.835643615722656e+02, 2.82400390625e+02, 2.820659484863281e+02, 2.813123779296875e+02, 2.807817993164062e+02, 2.803592834472656e+02, 2.798500061035156e+02, 2.797239990234375e+02, 2.7925e+02, 2.782581481933594e+02, 2.789299621582031e+02, 2.798677673339844e+02, 2.801938781738281e+02, 2.812099914550781e+02, 2.814500122070312e+02, 2.814500122070312e+02, 2.813193054199219e+02, 2.79755126953125e+02, 2.827848205566406e+02, 2.823006896972656e+02, 2.817325744628906e+02, 2.797605590820312e+02, 2.809109802246094e+02, 2.81107421875e+02, 2.820301208496094e+02, 2.819288330078125e+02, 2.81187255859375e+02, 2.820239868164062e+02, 2.827900085449219e+02, 2.818864440917969e+02, 2.809717712402344e+02, 2.800125427246094e+02, 2.796690063476562e+02, 2.7875e+02]
conWin.H=[0e+00, 0e+00, 0e+00, 0e+00, 0e+00, 1.059833374023438e+02, 3.497688598632812e+02, 4.198971862792969e+02, 3.984229736328125e+02, 2.693597106933594e+02, 0e+00, 0e+00, 0e+00, 0e+00, 0e+00, 0e+00, 0e+00, 0e+00, 0e+00, 3.148006820678711e+01, 2.810345458984375e+02, 4.319403991699219e+02, 4.232462768554688e+02, 3.01697509765625e+02, 1.381924247741699e+01, 0e+00, 0e+00, 0e+00, 0e+00, 0e+00, 0e+00, 0e+00, 0e+00, 1.578061819076538e+00, 1.94754364013673e+02, 3.594549255371094e+02, 4.153645935058594e+02, 3.194185180664062e+02, 1.066554412841797e+02, 0e+00, 0e+00, 0e+00, 0e+00, 0e+00, 0e+00, 0e+00, 0e+00, 0e+00, 1.023990936279297e+02, 2.254401702880859e+02, 3.889869689941406e+02, 3.896034240722656e+02, 1.701040191650391e+02, 0e+00, 0e+00, 0e+00, 0e+00, 0e+00, 0e+00, 0e+00, 0e+00, 0e+00, 6.633999633789062e+01, 2.526240234375e+02, 4.358975219726562e+02, 4.698300476074219e+02, 3.081083679199219e+02, 0e+00, 0e+00, 0e+00, 0e+00, 0e+00, 0e+00, 0e+00, 0e+00, 0e+00, 9.276398658752441e+00, 2.389193267822266e+02, 2.633645935058594e+02, 4.401556701660156e+02, 3.404425964355469e+02, 7.391233825683256e+01, 0e+00, 0e+00, 0e+00, 0e+00, 0e+00, 0e+00, 0e+00, 0e+00, 0e+00, 6.843462371826172e+01, 2.109132537841797e+02, 1.662153778076172e+02, 3.132966003417969e+02, 2.129326019287109e+02, 0e+00, 0e+00, 0e+00, 0e+00, 0e+00]
conWin.y=[0e+00, 0e+00, 0e+00, 0e+00, 0e+00, 0e+00, 0e+00, 5.624449253082279e-01, 7.428640723228455e-01, 1.935971826314926e-01, 0e+00, 0e+00, 0e+00, 0e+00, 0e+00, 0e+00, 0e+00, 0e+00, 0e+00, 0e+00, 0e+00, 6.243355870246887e-01, 1e+00, 4.777000248432159e-01, 0e+00, 0e+00, 0e+00, 0e+00, 0e+00, 0e+00, 0e+00, 0e+00, 0e+00, 0e+00, 0e+00, 2.812584638595581e-01, 8.911278247833252e-01, 6.941852569580078e-01, 0e+00, 0e+00, 0e+00, 0e+00, 0e+00, 0e+00, 0e+00, 0e+00, 0e+00, 0e+00, 0e+00, 0e+00, 0e+00, 4.527359008789062e-01, 0e+00, 0e+00, 0e+00, 0e+00, 0e+00, 0e+00, 0e+00, 0e+00, 0e+00, 0e+00, 0e+00, 0e+00, 0e+00, 7.326729297637939e-01, 4.70013290643692e-01, 0e+00, 0e+00, 0e+00, 0e+00, 0e+00, 0e+00, 0e+00, 0e+00, 0e+00, 0e+00, 0e+00, 0e+00, 0e+00, 3.642569780349731e-01, 0e+00, 0e+00, 0e+00, 0e+00, 0e+00, 0e+00, 0e+00, 0e+00, 0e+00, 0e+00, 0e+00, 0e+00, 0e+00, 0e+00, 0e+00, 0e+00, 0e+00, 0e+00, 0e+00, 0e+00]
