last-generated=2021-07-29
statistics-initialization=
{
  "linear": "0, 0, 0, 0, 0",
  "nonlinear": "0, 1, 5, 2, 5, 2, 5, 2, 5, 2, 2, 2, 0, 0, 0, 0, 0, 0",
  "numerical Jacobians": "0"
}
statistics-simulation=
{
  "linear": "0, 0, 0, 0, 0, 4, 3, 0, 0, 0, 3, 0, 0, 0, 0, 3, 0, 0, 0, 3, 0, 0, 0",
  "nonlinear": "1, 0, 0, 0, 0, 2, 1, 1",
  "number of continuous time states": "155",
  "numerical Jacobians": "0"
}
time=[0e+00, 1.728e+05]
flo.sou.air.vol.T=[2.931499938964844e+02, 2.923387451171875e+02, 2.92256103515625e+02, 2.921856384277344e+02, 2.920541076660156e+02, 2.919562377929688e+02, 2.918963012695312e+02, 2.918054504394531e+02, 2.916697692871094e+02, 2.915918579101562e+02, 2.91586669921875e+02, 2.914847717285156e+02, 2.921447448730469e+02, 2.923429870605469e+02, 2.930634460449219e+02, 2.932246398925781e+02, 2.932133483886719e+02, 2.933056945800781e+02, 2.933974914550781e+02, 2.932413940429688e+02, 2.93177490234375e+02, 2.931927795410156e+02, 2.931838684082031e+02, 2.932815856933594e+02, 2.934957275390625e+02, 2.936141052246094e+02, 2.935635375976562e+02, 2.935344848632812e+02, 2.936094055175781e+02, 2.936134948730469e+02, 2.936116027832031e+02, 2.93587158203125e+02, 2.934373779296875e+02, 2.933707580566406e+02, 2.933031616210938e+02, 2.932454223632812e+02, 2.931404724121094e+02, 2.931340942382812e+02, 2.931209411621094e+02, 2.931175842285156e+02, 2.930099487304688e+02, 2.928746948242188e+02, 2.92883056640625e+02, 2.930861206054688e+02, 2.930755310058594e+02, 2.929996337890625e+02, 2.926400146484375e+02, 2.925369262695312e+02, 2.924492797851562e+02, 2.92387451171875e+02, 2.923327026367188e+02, 2.922769470214844e+02, 2.922463684082031e+02, 2.921294860839844e+02, 2.920335998535156e+02, 2.919950256347656e+02, 2.919466552734375e+02, 2.919515380859375e+02, 2.920338745117188e+02, 2.919844665527344e+02, 2.917489013671875e+02, 2.917277526855469e+02, 2.923796081542969e+02, 2.923903198242188e+02, 2.93206787109375e+02, 2.93171630859375e+02, 2.931548156738281e+02, 2.931978149414062e+02, 2.932464904785156e+02, 2.932033996582031e+02, 2.931661987304688e+02, 2.931590270996094e+02, 2.931590576171875e+02, 2.931597595214844e+02, 2.931602172851562e+02, 2.931590881347656e+02, 2.931595764160156e+02, 2.931578369140625e+02, 2.931453552246094e+02, 2.931460266113281e+02, 2.931493835449219e+02, 2.931484985351562e+02, 2.931467590332031e+02, 2.9314697265625e+02, 2.931456604003906e+02, 2.930899658203125e+02, 2.932878112792969e+02, 2.931191711425781e+02, 2.931215515136719e+02, 2.931185302734375e+02, 2.924515686035156e+02, 2.923465881347656e+02, 2.922843322753906e+02, 2.92249267578125e+02, 2.922560729980469e+02, 2.923551025390625e+02, 2.924116821289062e+02, 2.9239697265625e+02, 2.923920288085938e+02, 2.923191223144531e+02, 2.922687072753906e+02]
flo.eas.air.vol.T=[2.931499938964844e+02, 2.923703308105469e+02, 2.922922973632812e+02, 2.922266235351562e+02, 2.921616821289062e+02, 2.920953979492188e+02, 2.92042236328125e+02, 2.919826965332031e+02, 2.919058532714844e+02, 2.918389892578125e+02, 2.917880554199219e+02, 2.9173486328125e+02, 2.923128662109375e+02, 2.925002746582031e+02, 2.931855163574219e+02, 2.932675476074219e+02, 2.931730041503906e+02, 2.932503356933594e+02, 2.932461547851562e+02, 2.931864013671875e+02, 2.931616516113281e+02, 2.931590881347656e+02, 2.931523132324219e+02, 2.931481628417969e+02, 2.93147705078125e+02, 2.931551818847656e+02, 2.931533203125e+02, 2.9315380859375e+02, 2.931556091308594e+02, 2.931521301269531e+02, 2.931489562988281e+02, 2.931487121582031e+02, 2.931512451171875e+02, 2.931492309570312e+02, 2.931494140625e+02, 2.93150634765625e+02, 2.931341552734375e+02, 2.931328430175781e+02, 2.931288146972656e+02, 2.931243896484375e+02, 2.927536010742188e+02, 2.926949768066406e+02, 2.925900268554688e+02, 2.926062927246094e+02, 2.926312866210938e+02, 2.9248974609375e+02, 2.925042114257812e+02, 2.924606018066406e+02, 2.9240869140625e+02, 2.923637390136719e+02, 2.923230590820312e+02, 2.922779235839844e+02, 2.922252807617188e+02, 2.921801147460938e+02, 2.921396789550781e+02, 2.921056518554688e+02, 2.920675659179688e+02, 2.920317993164062e+02, 2.918937683105469e+02, 2.918778991699219e+02, 2.919638977050781e+02, 2.919400634765625e+02, 2.924101867675781e+02, 2.925092163085938e+02, 2.932009887695312e+02, 2.931632995605469e+02, 2.931566162109375e+02, 2.93191650390625e+02, 2.932147216796875e+02, 2.931864318847656e+02, 2.9316357421875e+02, 2.931580200195312e+02, 2.931579284667969e+02, 2.931572875976562e+02, 2.931570739746094e+02, 2.9315625e+02, 2.931566467285156e+02, 2.931570739746094e+02, 2.931478881835938e+02, 2.9314697265625e+02, 2.931497802734375e+02, 2.931497192382812e+02, 2.9314892578125e+02, 2.931484375e+02, 2.931470947265625e+02, 2.931482849121094e+02, 2.931299743652344e+02, 2.931315307617188e+02, 2.931298828125e+02, 2.931278991699219e+02, 2.924215698242188e+02, 2.923621826171875e+02, 2.923386535644531e+02, 2.922502136230469e+02, 2.921752014160156e+02, 2.921597595214844e+02, 2.921932983398438e+02, 2.923622436523438e+02, 2.92399658203125e+02, 2.923560791015625e+02, 2.922840270996094e+02]
flo.nor.air.vol.T=[2.931499938964844e+02, 2.923391723632812e+02, 2.922562866210938e+02, 2.921845703125e+02, 2.921149291992188e+02, 2.920443725585938e+02, 2.919866638183594e+02, 2.919234619140625e+02, 2.9184423828125e+02, 2.917741088867188e+02, 2.917183532714844e+02, 2.916626281738281e+02, 2.922184448242188e+02, 2.923009338378906e+02, 2.930869445800781e+02, 2.932442932128906e+02, 2.932005615234375e+02, 2.932221069335938e+02, 2.933088073730469e+02, 2.932530517578125e+02, 2.93168212890625e+02, 2.931666259765625e+02, 2.931658325195312e+02, 2.931670532226562e+02, 2.9316650390625e+02, 2.931686401367188e+02, 2.931633911132812e+02, 2.931616516113281e+02, 2.931600341796875e+02, 2.931571960449219e+02, 2.931515808105469e+02, 2.931507568359375e+02, 2.931468505859375e+02, 2.931506958007812e+02, 2.931507263183594e+02, 2.931524658203125e+02, 2.931264038085938e+02, 2.931214294433594e+02, 2.931135864257812e+02, 2.931019287109375e+02, 2.925259094238281e+02, 2.924510803222656e+02, 2.924167785644531e+02, 2.923809814453125e+02, 2.924041442871094e+02, 2.923511047363281e+02, 2.922879943847656e+02, 2.922398071289062e+02, 2.9218896484375e+02, 2.921455993652344e+02, 2.921070251464844e+02, 2.920633239746094e+02, 2.920101928710938e+02, 2.919669189453125e+02, 2.919302673339844e+02, 2.9189794921875e+02, 2.918605041503906e+02, 2.918316955566406e+02, 2.918094787597656e+02, 2.917935791015625e+02, 2.917650756835938e+02, 2.917432556152344e+02, 2.921944885253906e+02, 2.923373413085938e+02, 2.931046752929688e+02, 2.931835021972656e+02, 2.931895141601562e+02, 2.932273254394531e+02, 2.93316650390625e+02, 2.932633056640625e+02, 2.931766357421875e+02, 2.93167724609375e+02, 2.9316650390625e+02, 2.931651916503906e+02, 2.931642150878906e+02, 2.931631469726562e+02, 2.931629333496094e+02, 2.931626281738281e+02, 2.931475830078125e+02, 2.931463317871094e+02, 2.931505737304688e+02, 2.931504821777344e+02, 2.931490783691406e+02, 2.931486206054688e+02, 2.931466064453125e+02, 2.931474914550781e+02, 2.931214599609375e+02, 2.931209716796875e+02, 2.931173400878906e+02, 2.931127014160156e+02, 2.925435791015625e+02, 2.924425048828125e+02, 2.924014282226562e+02, 2.923637390136719e+02, 2.923302612304688e+02, 2.923138732910156e+02, 2.923094177246094e+02, 2.92246826171875e+02, 2.922922668457031e+02, 2.92257568359375e+02, 2.92024658203125e+02]
flo.wes.air.vol.T=[2.931499938964844e+02, 2.920690307617188e+02, 2.919849853515625e+02, 2.919227600097656e+02, 2.918761901855469e+02, 2.918444213867188e+02, 2.918473815917969e+02, 2.917918701171875e+02, 2.916938171386719e+02, 2.916220397949219e+02, 2.915426940917969e+02, 2.91518310546875e+02, 2.922457580566406e+02, 2.923571166992188e+02, 2.931300048828125e+02, 2.932726440429688e+02, 2.931932678222656e+02, 2.932116088867188e+02, 2.932772216796875e+02, 2.932282104492188e+02, 2.931665344238281e+02, 2.931659851074219e+02, 2.931652221679688e+02, 2.931665344238281e+02, 2.931658935546875e+02, 2.931680603027344e+02, 2.9316552734375e+02, 2.931647644042969e+02, 2.931613159179688e+02, 2.931600646972656e+02, 2.931575012207031e+02, 2.931526489257812e+02, 2.931490173339844e+02, 2.931487121582031e+02, 2.93147705078125e+02, 2.9315087890625e+02, 2.93128662109375e+02, 2.931254272460938e+02, 2.931190490722656e+02, 2.931102600097656e+02, 2.926337280273438e+02, 2.925767211914062e+02, 2.925416870117188e+02, 2.925198364257812e+02, 2.925259094238281e+02, 2.9247607421875e+02, 2.924150085449219e+02, 2.92367431640625e+02, 2.923174133300781e+02, 2.922750244140625e+02, 2.922371826171875e+02, 2.921953125e+02, 2.921461486816406e+02, 2.921034240722656e+02, 2.920653686523438e+02, 2.920342407226562e+02, 2.919979858398438e+02, 2.919703063964844e+02, 2.919480590820312e+02, 2.919322509765625e+02, 2.919017028808594e+02, 2.918808288574219e+02, 2.923110961914062e+02, 2.923480834960938e+02, 2.931585083007812e+02, 2.931878051757812e+02, 2.931749267578125e+02, 2.932094421386719e+02, 2.93269775390625e+02, 2.932228393554688e+02, 2.93170166015625e+02, 2.931644287109375e+02, 2.931636962890625e+02, 2.931625671386719e+02, 2.931619873046875e+02, 2.931611633300781e+02, 2.931623840332031e+02, 2.9316259765625e+02, 2.931491394042969e+02, 2.931481323242188e+02, 2.931518859863281e+02, 2.931510314941406e+02, 2.931486206054688e+02, 2.931481628417969e+02, 2.931458740234375e+02, 2.931459350585938e+02, 2.931242370605469e+02, 2.931250610351562e+02, 2.931223754882812e+02, 2.931190795898438e+02, 2.926273193359375e+02, 2.925438842773438e+02, 2.925030517578125e+02, 2.924648132324219e+02, 2.924320678710938e+02, 2.92417236328125e+02, 2.924133605957031e+02, 2.924023132324219e+02, 2.924024963378906e+02, 2.923680114746094e+02, 2.92175048828125e+02]
flo.cor.air.vol.T=[2.931499938964844e+02, 2.928603820800781e+02, 2.928091735839844e+02, 2.92767578125e+02, 2.927240600585938e+02, 2.9268212890625e+02, 2.926537780761719e+02, 2.926150512695312e+02, 2.925574951171875e+02, 2.9250927734375e+02, 2.924747924804688e+02, 2.924361267089844e+02, 2.930137939453125e+02, 2.920530090332031e+02, 2.931649475097656e+02, 2.932203674316406e+02, 2.931520690917969e+02, 2.931888427734375e+02, 2.93187744140625e+02, 2.931583862304688e+02, 2.931520080566406e+02, 2.931519165039062e+02, 2.931517639160156e+02, 2.931521606445312e+02, 2.93153076171875e+02, 2.931562805175781e+02, 2.931531372070312e+02, 2.931532287597656e+02, 2.93154052734375e+02, 2.931521606445312e+02, 2.931510314941406e+02, 2.931506652832031e+02, 2.931526794433594e+02, 2.931508483886719e+02, 2.9315087890625e+02, 2.931509399414062e+02, 2.931354064941406e+02, 2.931331481933594e+02, 2.931322021484375e+02, 2.931305541992188e+02, 2.932936401367188e+02, 2.93252197265625e+02, 2.932216491699219e+02, 2.932095031738281e+02, 2.932117004394531e+02, 2.931748657226562e+02, 2.931217956542969e+02, 2.930843811035156e+02, 2.930450744628906e+02, 2.930104064941406e+02, 2.929786987304688e+02, 2.929476623535156e+02, 2.929157104492188e+02, 2.928782958984375e+02, 2.928409423828125e+02, 2.928143005371094e+02, 2.927850952148438e+02, 2.927634887695312e+02, 2.927410278320312e+02, 2.92722900390625e+02, 2.926868591308594e+02, 2.926632080078125e+02, 2.931107482910156e+02, 2.918984375e+02, 2.931502075195312e+02, 2.931517028808594e+02, 2.931505432128906e+02, 2.931902465820312e+02, 2.931854858398438e+02, 2.931591491699219e+02, 2.931523132324219e+02, 2.931518859863281e+02, 2.931516418457031e+02, 2.931510620117188e+02, 2.931515197753906e+02, 2.931514587402344e+02, 2.93151123046875e+02, 2.93151123046875e+02, 2.931509704589844e+02, 2.931516418457031e+02, 2.931513061523438e+02, 2.931512145996094e+02, 2.931511840820312e+02, 2.931507568359375e+02, 2.931507568359375e+02, 2.931513366699219e+02, 2.931372680664062e+02, 2.931336975097656e+02, 2.9313232421875e+02, 2.931307678222656e+02, 2.932462463378906e+02, 2.931786804199219e+02, 2.9314501953125e+02, 2.931088562011719e+02, 2.930789184570312e+02, 2.930717468261719e+02, 2.930741882324219e+02, 2.930741882324219e+02, 2.930779418945312e+02, 2.930520324707031e+02, 2.92974609375e+02]
vav.VAVBox[2].TSup=[2.931499938964844e+02, 2.931499938964844e+02, 2.931499938964844e+02, 2.931499938964844e+02, 2.931499938964844e+02, 2.931499938964844e+02, 2.931499938964844e+02, 2.931499938964844e+02, 2.931499938964844e+02, 2.931499938964844e+02, 2.931499938964844e+02, 2.931499938964844e+02, 2.920304260253906e+02, 3.0202734375e+02, 3.035170288085938e+02, 3.047449035644531e+02, 3.040990295410156e+02, 3.030407409667969e+02, 2.988580322265625e+02, 2.933531494140625e+02, 2.913553771972656e+02, 2.892464599609375e+02, 2.865327453613281e+02, 2.851526794433594e+02, 2.851514587402344e+02, 2.854131469726562e+02, 2.856216430664062e+02, 2.857737426757812e+02, 2.859974060058594e+02, 2.861713256835938e+02, 2.861785888671875e+02, 2.861770935058594e+02, 2.85153564453125e+02, 2.8514990234375e+02, 2.851499328613281e+02, 2.851498718261719e+02, 2.851434326171875e+02, 2.869886779785156e+02, 2.88632568359375e+02, 2.905422058105469e+02, 2.85865966796875e+02, 2.858659973144531e+02, 2.85865966796875e+02, 2.858659362792969e+02, 2.858659057617188e+02, 2.858659057617188e+02, 2.858659057617188e+02, 2.858659362792969e+02, 2.858659362792969e+02, 2.858659362792969e+02, 2.858659362792969e+02, 2.85865966796875e+02, 2.858659362792969e+02, 2.858659362792969e+02, 2.858659362792969e+02, 2.858659362792969e+02, 2.85865966796875e+02, 2.85865966796875e+02, 2.85865966796875e+02, 2.85865966796875e+02, 2.85865966796875e+02, 2.85865966796875e+02, 2.924393615722656e+02, 3.002644958496094e+02, 3.008269958496094e+02, 3.002359008789062e+02, 3.00022705078125e+02, 2.997437438964844e+02, 2.975307006835938e+02, 2.94821533203125e+02, 2.939624633789062e+02, 2.934521789550781e+02, 2.930758972167969e+02, 2.926026306152344e+02, 2.921107788085938e+02, 2.91618896484375e+02, 2.916663513183594e+02, 2.912255859375e+02, 2.900687255859375e+02, 2.9032177734375e+02, 2.904237365722656e+02, 2.904786682128906e+02, 2.906545104980469e+02, 2.908273010253906e+02, 2.910289306640625e+02, 2.915877380371094e+02, 2.940558166503906e+02, 2.931741638183594e+02, 2.942689514160156e+02, 2.954201354980469e+02, 2.862845153808594e+02, 2.862845153808594e+02, 2.862845153808594e+02, 2.862844848632812e+02, 2.862845153808594e+02, 2.862845458984375e+02, 2.862845458984375e+02, 2.862845153808594e+02, 2.862845153808594e+02, 2.862844848632812e+02, 2.862844848632812e+02]
vav.VAVBox[3].TSup=[2.931499938964844e+02, 2.931499938964844e+02, 2.931499938964844e+02, 2.931499938964844e+02, 2.931499938964844e+02, 2.931499938964844e+02, 2.931499938964844e+02, 2.931499938964844e+02, 2.931499938964844e+02, 2.931499938964844e+02, 2.931499938964844e+02, 2.931499938964844e+02, 2.920304260253906e+02, 3.006778564453125e+02, 3.007958374023438e+02, 3.010029296875e+02, 3.003082580566406e+02, 2.991955261230469e+02, 2.959465637207031e+02, 2.933388366699219e+02, 2.925601806640625e+02, 2.921506652832031e+02, 2.919017944335938e+02, 2.918869018554688e+02, 2.919992065429688e+02, 2.920605773925781e+02, 2.923362731933594e+02, 2.922929992675781e+02, 2.915541076660156e+02, 2.91463623046875e+02, 2.914926452636719e+02, 2.915595397949219e+02, 2.916553955078125e+02, 2.916826477050781e+02, 2.917203063964844e+02, 2.917169189453125e+02, 2.920442810058594e+02, 2.928312377929688e+02, 2.936594543457031e+02, 2.94655517578125e+02, 2.861912841796875e+02, 2.861913146972656e+02, 2.861912841796875e+02, 2.861912536621094e+02, 2.861912231445312e+02, 2.861912536621094e+02, 2.861912536621094e+02, 2.861912536621094e+02, 2.861912841796875e+02, 2.861912841796875e+02, 2.861912841796875e+02, 2.861912841796875e+02, 2.861912841796875e+02, 2.861912841796875e+02, 2.861912841796875e+02, 2.861912841796875e+02, 2.861912841796875e+02, 2.861912841796875e+02, 2.861912841796875e+02, 2.861912841796875e+02, 2.861912841796875e+02, 2.861912841796875e+02, 2.924393615722656e+02, 3.002165832519531e+02, 3.000702514648438e+02, 2.99591552734375e+02, 2.994009399414062e+02, 2.990857238769531e+02, 2.974394836425781e+02, 2.95623046875e+02, 2.950051574707031e+02, 2.946190185546875e+02, 2.943197937011719e+02, 2.939808349609375e+02, 2.936760559082031e+02, 2.933874816894531e+02, 2.934452209472656e+02, 2.931367797851562e+02, 2.923076477050781e+02, 2.924758605957031e+02, 2.925362854003906e+02, 2.925464782714844e+02, 2.926029968261719e+02, 2.926620788574219e+02, 2.927616271972656e+02, 2.928991088867188e+02, 2.933251953125e+02, 2.941368713378906e+02, 2.949104614257812e+02, 2.956889038085938e+02, 2.862897338867188e+02, 2.862897033691406e+02, 2.862897033691406e+02, 2.862896728515625e+02, 2.862897033691406e+02, 2.862897338867188e+02, 2.862897338867188e+02, 2.862897338867188e+02, 2.862897033691406e+02, 2.862896728515625e+02, 2.862896728515625e+02]
vav.VAVBox[4].TSup=[2.931499938964844e+02, 2.931499938964844e+02, 2.931499938964844e+02, 2.931499938964844e+02, 2.931499938964844e+02, 2.931499938964844e+02, 2.931499938964844e+02, 2.931499938964844e+02, 2.931499938964844e+02, 2.931499938964844e+02, 2.931499938964844e+02, 2.931499938964844e+02, 2.920304260253906e+02, 3.0174658203125e+02, 3.035170288085938e+02, 3.046454772949219e+02, 3.039465942382812e+02, 3.034444274902344e+02, 3.015682983398438e+02, 2.987003173828125e+02, 2.976890258789062e+02, 2.972191772460938e+02, 2.967282409667969e+02, 2.961972351074219e+02, 2.956174621582031e+02, 2.951377563476562e+02, 2.952473754882812e+02, 2.949085998535156e+02, 2.935191955566406e+02, 2.9320361328125e+02, 2.930628356933594e+02, 2.9301025390625e+02, 2.930379943847656e+02, 2.929609375e+02, 2.929302673339844e+02, 2.928554077148438e+02, 2.931801452636719e+02, 2.943150634765625e+02, 2.955292358398438e+02, 2.969677124023438e+02, 2.86424072265625e+02, 2.86424072265625e+02, 2.86424072265625e+02, 2.864240417480469e+02, 2.864240112304688e+02, 2.864240112304688e+02, 2.864240112304688e+02, 2.864240417480469e+02, 2.864240417480469e+02, 2.864240417480469e+02, 2.864240417480469e+02, 2.86424072265625e+02, 2.864240417480469e+02, 2.864240417480469e+02, 2.864240417480469e+02, 2.864240417480469e+02, 2.86424072265625e+02, 2.86424072265625e+02, 2.86424072265625e+02, 2.86424072265625e+02, 2.86424072265625e+02, 2.864240417480469e+02, 2.924393615722656e+02, 3.022283325195312e+02, 3.045137023925781e+02, 3.0443212890625e+02, 3.040257263183594e+02, 3.035308227539062e+02, 3.015751342773438e+02, 2.984650573730469e+02, 2.971306762695312e+02, 2.964959716796875e+02, 2.959551086425781e+02, 2.953747253417969e+02, 2.948377685546875e+02, 2.943007507324219e+02, 2.943182373046875e+02, 2.93787109375e+02, 2.92427490234375e+02, 2.926282348632812e+02, 2.926773071289062e+02, 2.926473388671875e+02, 2.926864624023438e+02, 2.927371826171875e+02, 2.928421630859375e+02, 2.930125122070312e+02, 2.935621337890625e+02, 2.947599487304688e+02, 2.958898620605469e+02, 2.970265197753906e+02, 2.864291687011719e+02, 2.864291381835938e+02, 2.864291381835938e+02, 2.864291381835938e+02, 2.864291381835938e+02, 2.864291687011719e+02, 2.864291687011719e+02, 2.864291687011719e+02, 2.864291381835938e+02, 2.864291076660156e+02, 2.864291076660156e+02]
vav.VAVBox[5].TSup=[2.931499938964844e+02, 2.931499938964844e+02, 2.931499938964844e+02, 2.931499938964844e+02, 2.931499938964844e+02, 2.931499938964844e+02, 2.931499938964844e+02, 2.931499938964844e+02, 2.931499938964844e+02, 2.931499938964844e+02, 2.931499938964844e+02, 2.931499938964844e+02, 2.920304260253906e+02, 3.016946105957031e+02, 3.03197265625e+02, 3.03927490234375e+02, 3.031027221679688e+02, 3.026360473632812e+02, 3.008749084472656e+02, 2.984700012207031e+02, 2.976800231933594e+02, 2.972283325195312e+02, 2.967611389160156e+02, 2.962482299804688e+02, 2.9569140625e+02, 2.952348022460938e+02, 2.952325744628906e+02, 2.947744140625e+02, 2.934675903320312e+02, 2.930394897460938e+02, 2.92652099609375e+02, 2.924241333007812e+02, 2.924674682617188e+02, 2.924637451171875e+02, 2.925704650878906e+02, 2.925963745117188e+02, 2.929492492675781e+02, 2.939590759277344e+02, 2.950394592285156e+02, 2.963228454589844e+02, 2.863574829101562e+02, 2.863574829101562e+02, 2.863574829101562e+02, 2.863574523925781e+02, 2.86357421875e+02, 2.86357421875e+02, 2.86357421875e+02, 2.863574523925781e+02, 2.863574523925781e+02, 2.863574523925781e+02, 2.863574523925781e+02, 2.863574829101562e+02, 2.863574523925781e+02, 2.863574523925781e+02, 2.863574523925781e+02, 2.863574523925781e+02, 2.863574829101562e+02, 2.863574829101562e+02, 2.863574829101562e+02, 2.863574829101562e+02, 2.863574829101562e+02, 2.863574523925781e+02, 2.924393615722656e+02, 3.014098205566406e+02, 3.0320166015625e+02, 3.027839660644531e+02, 3.023576049804688e+02, 3.01932861328125e+02, 3.000444946289062e+02, 2.9753125e+02, 2.966032409667969e+02, 2.960620727539062e+02, 2.95597900390625e+02, 2.950973510742188e+02, 2.946360168457031e+02, 2.941743469238281e+02, 2.941506958007812e+02, 2.936228942871094e+02, 2.923978271484375e+02, 2.925085754394531e+02, 2.924837036132812e+02, 2.924067687988281e+02, 2.9244921875e+02, 2.925263061523438e+02, 2.926667175292969e+02, 2.928849487304688e+02, 2.93434814453125e+02, 2.944938354492188e+02, 2.954924621582031e+02, 2.964940490722656e+02, 2.863740234375e+02, 2.863740234375e+02, 2.863739929199219e+02, 2.863739929199219e+02, 2.863740234375e+02, 2.863740234375e+02, 2.863740539550781e+02, 2.863740234375e+02, 2.863740234375e+02, 2.863739929199219e+02, 2.863739929199219e+02]
vav.VAVBox[1].TSup=[2.931499938964844e+02, 2.931499938964844e+02, 2.931499938964844e+02, 2.931499938964844e+02, 2.931499938964844e+02, 2.931499938964844e+02, 2.931499938964844e+02, 2.931499938964844e+02, 2.931499938964844e+02, 2.931499938964844e+02, 2.931499938964844e+02, 2.931499938964844e+02, 2.920305480957031e+02, 2.931529541015625e+02, 2.933264770507812e+02, 2.933312683105469e+02, 2.933970336914062e+02, 2.929864501953125e+02, 2.907327880859375e+02, 2.889154968261719e+02, 2.889259033203125e+02, 2.888093566894531e+02, 2.886944580078125e+02, 2.885834045410156e+02, 2.884089660644531e+02, 2.882497863769531e+02, 2.886788940429688e+02, 2.886506652832031e+02, 2.875413818359375e+02, 2.873908996582031e+02, 2.872807312011719e+02, 2.871940612792969e+02, 2.872139892578125e+02, 2.871275024414062e+02, 2.870615234375e+02, 2.869881896972656e+02, 2.874346618652344e+02, 2.8845263671875e+02, 2.895326538085938e+02, 2.906443786621094e+02, 2.858374328613281e+02, 2.858374328613281e+02, 2.858374328613281e+02, 2.858373718261719e+02, 2.858373413085938e+02, 2.858373718261719e+02, 2.858373718261719e+02, 2.858373718261719e+02, 2.8583740234375e+02, 2.8583740234375e+02, 2.8583740234375e+02, 2.8583740234375e+02, 2.8583740234375e+02, 2.8583740234375e+02, 2.8583740234375e+02, 2.8583740234375e+02, 2.858374328613281e+02, 2.8583740234375e+02, 2.858374328613281e+02, 2.8583740234375e+02, 2.858374328613281e+02, 2.8583740234375e+02, 2.924407348632812e+02, 2.870915222167969e+02, 2.926671447753906e+02, 2.929186706542969e+02, 2.929126281738281e+02, 2.925028686523438e+02, 2.903401184082031e+02, 2.885169677734375e+02, 2.884688110351562e+02, 2.88350341796875e+02, 2.882435607910156e+02, 2.881430969238281e+02, 2.880495300292969e+02, 2.879552307128906e+02, 2.88365478515625e+02, 2.883050537109375e+02, 2.872328186035156e+02, 2.871043090820312e+02, 2.870006103515625e+02, 2.869072265625e+02, 2.868208312988281e+02, 2.867386474609375e+02, 2.866633911132812e+02, 2.865832214355469e+02, 2.87031005859375e+02, 2.880757446289062e+02, 2.891710510253906e+02, 2.903006591796875e+02, 2.858216857910156e+02, 2.858216857910156e+02, 2.858216552734375e+02, 2.858216247558594e+02, 2.858216552734375e+02, 2.858216857910156e+02, 2.858217163085938e+02, 2.858216857910156e+02, 2.858216857910156e+02, 2.858216247558594e+02, 2.858216247558594e+02]
vav.VAVBox[2].vav.m_flow=[5.172932937037855e-13, 1.192361098745209e-09, 2.084691974602038e-09, -5.53400392178105e-09, -4.171970324762242e-09, -1.23431354026593e-08, -4.608048609355819e-09, 5.709366313055857e-09, 3.204114751298448e-09, 5.889901455446989e-09, 2.044860503147561e-09, -5.118617085742017e-09, 4.312871098518372e-01, 3.538729846477509e-01, 3.538137078285217e-01, 3.538168668746948e-01, 3.538098335266113e-01, 3.538066148757935e-01, 3.538083434104919e-01, 3.538187742233276e-01, 3.53827565908432e-01, 3.538128733634949e-01, 3.538134396076202e-01, 3.538148105144501e-01, 3.538130819797516e-01, 3.538127541542053e-01, 3.538162708282471e-01, 3.538222312927246e-01, 3.538361489772797e-01, 3.538503050804138e-01, 3.53841632604599e-01, 3.538249135017395e-01, 3.53724867105484e-01, 3.537053167819977e-01, 3.536993265151978e-01, 3.536945283412933e-01, 3.536953926086426e-01, 3.537001311779022e-01, 3.537061512470245e-01, 3.537203073501587e-01, 3.05275484890899e-08, -7.348668784601387e-09, -3.784000668360932e-08, -8.03304800456317e-09, 1.26840316028165e-09, 1.85578965528066e-08, 1.183411857397232e-08, 1.059571896888656e-08, 1.113215186698824e-09, -3.238256107707116e-09, -9.544061096988798e-10, -7.594382900322216e-09, -3.414135862911394e-09, 2.846768509812136e-08, -9.465949801779061e-09, 6.404091035250383e-09, 1.187291598370144e-08, -2.92198301110604e-08, 2.812523769435415e-09, 1.604592014814443e-08, 1.163196046150006e-07, -4.853814772332044e-08, 4.264614880084991e-01, 3.537753522396088e-01, 3.537247478961945e-01, 3.537211418151855e-01, 3.537221550941467e-01, 3.537257313728333e-01, 3.537412583827972e-01, 3.53750079870224e-01, 3.537448644638062e-01, 3.537450432777405e-01, 3.537586331367493e-01, 3.537769615650177e-01, 3.537615835666656e-01, 3.537408411502838e-01, 3.537264764308929e-01, 3.537203073501587e-01, 3.537097275257111e-01, 3.537206649780273e-01, 3.537119925022125e-01, 3.537065088748932e-01, 3.537181317806244e-01, 3.537481725215912e-01, 3.537781536579132e-01, 3.534049689769745e-01, 3.534753322601318e-01, 3.53732705116272e-01, 3.537247180938721e-01, 3.537276387214661e-01, -4.815483123365993e-09, -9.957895619194801e-10, 5.838172167926814e-09, 3.612052168477931e-08, 3.571806672653111e-08, -1.158737017448175e-08, -9.393373545663053e-08, -1.455197828903465e-08, 0e+00, 3.82253872999172e-08, 6.978286837266978e-09]
vav.VAVBox[3].vav.m_flow=[4.912342234375533e-13, 1.132294924488519e-09, 1.9796739803013e-09, -5.255223811673204e-09, -3.96180421802228e-09, -1.172134034277406e-08, -4.375914741672204e-09, 5.421752380385673e-09, 3.042704754818715e-09, 5.593193019848286e-09, 1.941848903896926e-09, -4.860762903291516e-09, 4.095606803894043e-01, 3.360463380813599e-01, 3.359900414943695e-01, 3.359930515289307e-01, 3.359863758087158e-01, 3.359833359718323e-01, 3.359849750995636e-01, 3.359948694705963e-01, 3.360032141208649e-01, 3.359892666339874e-01, 3.359898030757904e-01, 3.359911143779755e-01, 3.359894454479218e-01, 3.359891474246979e-01, 3.359924852848053e-01, 3.35998147726059e-01, 3.360113501548767e-01, 3.360248208045959e-01, 3.360165655612946e-01, 3.360007107257843e-01, 3.359057009220123e-01, 3.358871340751648e-01, 3.358814418315887e-01, 3.358768820762634e-01, 3.358776867389679e-01, 3.358821868896484e-01, 3.358879387378693e-01, 3.359013497829437e-01, 2.89896977534454e-08, -6.978473354735115e-09, -3.593378394839419e-08, -7.628376152979399e-09, 1.204506383523096e-09, 1.762302836993968e-08, 1.123796522506382e-08, 1.006195038399937e-08, 1.057136045368168e-09, -3.075126375762238e-09, -9.063271799725214e-10, -7.211809815999004e-09, -3.242145885096193e-09, 2.703360202360727e-08, -8.989094801847841e-09, 6.081479764219542e-09, 1.127480775409119e-08, -2.774785734516189e-08, 2.670840437701827e-09, 1.523759429744587e-08, 1.104599149925889e-07, -4.609299963931335e-08, 4.049781560897827e-01, 3.359536230564117e-01, 3.359055817127228e-01, 3.359021544456482e-01, 3.35903137922287e-01, 3.359065353870392e-01, 3.359212577342987e-01, 3.359296321868896e-01, 3.359246850013733e-01, 3.359248340129852e-01, 3.359377682209015e-01, 3.359551727771759e-01, 3.359405696392059e-01, 3.359208405017853e-01, 3.359072208404541e-01, 3.359013497829437e-01, 3.358913064002991e-01, 3.359017074108124e-01, 3.358934819698334e-01, 3.358882665634155e-01, 3.35899293422699e-01, 3.35927814245224e-01, 3.359562754631042e-01, 3.356018960475922e-01, 3.356687426567078e-01, 3.359131217002869e-01, 3.359055519104004e-01, 3.359083235263824e-01, -4.572899392485397e-09, -9.456259109086318e-10, 5.544069647811511e-09, 3.43009212144807e-08, 3.391874159319741e-08, -1.100364688255695e-08, -8.920174821014371e-08, -1.381891046037254e-08, 0e+00, 3.629975253716111e-08, 6.626749815552557e-09]
vav.VAVBox[4].vav.m_flow=[5.172932937037855e-13, 1.192361098745209e-09, 2.084691974602038e-09, -5.53400392178105e-09, -4.171970324762242e-09, -1.23431354026593e-08, -4.608048609355819e-09, 5.709366313055857e-09, 3.204114751298448e-09, 5.889901455446989e-09, 2.044860503147561e-09, -5.118617085742017e-09, 4.312871098518372e-01, 3.538729846477509e-01, 3.538137078285217e-01, 3.538168668746948e-01, 3.538098335266113e-01, 3.538066148757935e-01, 3.538083434104919e-01, 3.538187742233276e-01, 3.53827565908432e-01, 3.538128733634949e-01, 3.538134396076202e-01, 3.538148105144501e-01, 3.538130819797516e-01, 3.538127541542053e-01, 3.538162708282471e-01, 3.538222312927246e-01, 3.538361489772797e-01, 3.538503050804138e-01, 3.53841632604599e-01, 3.538249135017395e-01, 3.53724867105484e-01, 3.537053167819977e-01, 3.536993265151978e-01, 3.536945283412933e-01, 3.536953926086426e-01, 3.537001311779022e-01, 3.537061512470245e-01, 3.537203073501587e-01, 3.05275484890899e-08, -7.348668784601387e-09, -3.784000668360932e-08, -8.03304800456317e-09, 1.26840316028165e-09, 1.85578965528066e-08, 1.183411857397232e-08, 1.059571896888656e-08, 1.113215186698824e-09, -3.238256107707116e-09, -9.544061096988798e-10, -7.594382900322216e-09, -3.414135862911394e-09, 2.846768509812136e-08, -9.465949801779061e-09, 6.404091035250383e-09, 1.187291598370144e-08, -2.92198301110604e-08, 2.812523769435415e-09, 1.604592014814443e-08, 1.163196046150006e-07, -4.853814772332044e-08, 4.264614880084991e-01, 3.537753522396088e-01, 3.537247478961945e-01, 3.537211418151855e-01, 3.537221550941467e-01, 3.537257313728333e-01, 3.537412583827972e-01, 3.53750079870224e-01, 3.537448644638062e-01, 3.537450432777405e-01, 3.537586331367493e-01, 3.537769615650177e-01, 3.537615835666656e-01, 3.537408411502838e-01, 3.537264764308929e-01, 3.537203073501587e-01, 3.537097275257111e-01, 3.537206649780273e-01, 3.537119925022125e-01, 3.537065088748932e-01, 3.537181317806244e-01, 3.537481725215912e-01, 3.537781536579132e-01, 3.534049689769745e-01, 3.534753322601318e-01, 3.53732705116272e-01, 3.537247180938721e-01, 3.537276387214661e-01, -4.815483123365993e-09, -9.957895619194801e-10, 5.838172167926814e-09, 3.612052168477931e-08, 3.571806672653111e-08, -1.158737017448175e-08, -9.393373545663053e-08, -1.455197828903465e-08, 0e+00, 3.82253872999172e-08, 6.978286837266978e-09]
vav.VAVBox[5].vav.m_flow=[3.820710566503072e-13, 8.806738116540203e-10, 1.539746441459044e-09, -4.087396199281557e-09, -3.081403132654259e-09, -9.116598143066312e-09, -3.403489046149843e-09, 4.216918370048009e-09, 2.366548290666515e-09, 4.350261040286796e-09, 1.51032697459641e-09, -3.780593171853752e-09, 3.185471892356873e-01, 2.61369377374649e-01, 2.613255977630615e-01, 2.613279223442078e-01, 2.613227367401123e-01, 2.613203823566437e-01, 2.61321634054184e-01, 2.6132932305336e-01, 2.613358199596405e-01, 2.613249719142914e-01, 2.613253891468048e-01, 2.61326402425766e-01, 2.613251209259033e-01, 2.613248825073242e-01, 2.613274753093719e-01, 2.613318860530853e-01, 2.613421678543091e-01, 2.613526284694672e-01, 2.613462209701538e-01, 2.613338828086853e-01, 2.612599730491638e-01, 2.612455487251282e-01, 2.612411081790924e-01, 2.612375617027283e-01, 2.612382173538208e-01, 2.612417042255402e-01, 2.612461745738983e-01, 2.61256605386734e-01, 2.254754249975122e-08, -5.427701399440821e-09, -2.794849862652882e-08, -5.933181501660556e-09, 9.368382736241188e-10, 1.370679925116747e-08, 8.740640211613027e-09, 7.825962100582728e-09, 8.222169611826757e-10, -2.391764786224826e-09, -7.049211214749107e-10, -5.609185560473406e-09, -2.521669095756351e-09, 2.102613549936905e-08, -6.991518475274461e-09, 4.73003991530169e-09, 8.769295511967648e-09, -2.158166623189586e-08, 2.077320315763131e-09, 1.185146292215222e-08, 8.591326405849031e-08, -3.585011043583108e-08, 3.149830102920532e-01, 2.612972557544708e-01, 2.612598836421967e-01, 2.612572312355042e-01, 2.612579762935638e-01, 2.612606287002563e-01, 2.612720727920532e-01, 2.612785995006561e-01, 2.612747550010681e-01, 2.612748742103577e-01, 2.612849175930023e-01, 2.612984478473663e-01, 2.612870931625366e-01, 2.612717747688293e-01, 2.612611651420593e-01, 2.61256605386734e-01, 2.612487971782684e-01, 2.612568736076355e-01, 2.612504661083221e-01, 2.612464427947998e-01, 2.612549960613251e-01, 2.612771987915039e-01, 2.61299341917038e-01, 2.610237002372742e-01, 2.610756754875183e-01, 2.61265754699707e-01, 2.612598836421967e-01, 2.612620294094086e-01, -3.55669960150351e-09, -7.354867825881684e-10, 4.312054269206556e-09, 2.667849408055645e-08, 2.638124385612173e-08, -8.558392217139499e-09, -6.937914065474615e-08, -1.074804156786513e-08, 0e+00, 2.823314204647431e-08, 5.154138893459503e-09]
vav.VAVBox[1].vav.m_flow_turbulent=[1.618800044059753e+00, 1.618800044059753e+00]
vav.conEco.VOut_flow_min=[8.590426445007324e-01, 8.590426445007324e-01]
vav.conEco.VOut_flow=[1.177425257986586e-11, 6.70335325025917e-08, 6.815074726773673e-08, 6.260607676722429e-08, 5.330536367864624e-08, 4.114020768497539e-08, 2.805630749946886e-08, 2.906064189289737e-08, 3.529309111627299e-08, 3.703129181076292e-08, 4.464490643840691e-08, 3.62405643272723e-08, 1.270550936460495e-01, 8.029699921607971e-01, 8.577678203582764e-01, 8.589766621589661e-01, 8.590068221092224e-01, 8.590313196182251e-01, 8.590648174285889e-01, 8.591317534446716e-01, 8.590056896209717e-01, 8.590088486671448e-01, 8.590531945228577e-01, 8.59040379524231e-01, 8.590330481529236e-01, 8.590440154075623e-01, 8.590719699859619e-01, 8.590793609619141e-01, 8.591620326042175e-01, 8.590892553329468e-01, 8.589708209037781e-01, 8.589280843734741e-01, 9.782978892326355e-01, 9.780147671699524e-01, 9.775192737579346e-01, 9.77182924747467e-01, 9.723286628723145e-01, 9.565344452857971e-01, 9.427030682563782e-01, 9.318431615829468e-01, 4.883237281205766e-08, 6.543945119119599e-08, 3.061422759742527e-08, 2.834869672341256e-09, 1.265875182454579e-10, 2.35618262678372e-08, 5.051538209954742e-08, 6.370662930521576e-08, 7.244106114967508e-08, 6.508085448331258e-08, 6.033951649442315e-08, 5.713775763638296e-08, 3.750752242126509e-08, 6.768638627363543e-08, 7.019446712774879e-08, 6.595933399466963e-08, 7.281453662244541e-08, 4.081915605524988e-08, 2.72471751827652e-08, 3.004194226718937e-08, 1.643261953176989e-07, 9.262129196940805e-08, 1.193455308675766e-01, 8.892852067947388e-01, 9.948834776878357e-01, 1.001140832901001e+00, 9.967894554138184e-01, 1.00585150718689e+00, 1.022043585777283e+00, 1.035110712051392e+00, 1.04822289943695e+00, 1.064050912857056e+00, 1.099774479866028e+00, 1.125903367996216e+00, 1.126060485839844e+00, 1.125978350639343e+00, 1.125921964645386e+00, 1.125861644744873e+00, 1.095500826835632e+00, 1.038550615310669e+00, 1.010891556739807e+00, 9.994218945503235e-01, 1.01527202129364e+00, 1.052708268165588e+00, 1.067106127738953e+00, 1.062891602516174e+00, 1.048845887184143e+00, 1.006162166595459e+00, 1.006248235702515e+00, 1.041816592216492e+00, 6.185869239061503e-08, 5.604917419077537e-08, 5.725652840737894e-08, 7.755146924637302e-08, 1.271045562134532e-07, 1.432591147931817e-07, 9.239511911118825e-08, 8.287916131166639e-09, -1.022712603052124e-19, 1.19245582297367e-08, 3.412218418930024e-08]
vav.conEco.yOA=[0e+00, 0e+00, 0e+00, 0e+00, 0e+00, 0e+00, 0e+00, 0e+00, 0e+00, 0e+00, 0e+00, 0e+00, 2.003291994333267e-01, 4.606155157089233e-01, 4.697194397449493e-01, 4.698964059352875e-01, 4.699382781982422e-01, 4.699591100215912e-01, 4.699551463127136e-01, 4.69910204410553e-01, 4.698446989059448e-01, 4.699223935604095e-01, 4.699263870716095e-01, 4.699172675609589e-01, 4.699252843856812e-01, 4.699286818504333e-01, 4.699143469333649e-01, 4.69883918762207e-01, 4.698228538036346e-01, 4.69736784696579e-01, 4.697643518447876e-01, 4.69846248626709e-01, 4.895002245903015e-01, 4.895503520965576e-01, 4.895012080669403e-01, 4.894708693027496e-01, 4.886870682239532e-01, 4.86137717962265e-01, 4.838972687721252e-01, 4.82088714838028e-01, 0e+00, 0e+00, 0e+00, 0e+00, 0e+00, 0e+00, 0e+00, 0e+00, 0e+00, 0e+00, 0e+00, 0e+00, 0e+00, 0e+00, 0e+00, 0e+00, 0e+00, 0e+00, 0e+00, 0e+00, 0e+00, 0e+00, 2.091980129480362e-01, 4.750367105007172e-01, 4.921489655971527e-01, 4.931665658950806e-01, 4.924658834934235e-01, 4.93904173374176e-01, 4.964125752449036e-01, 4.984560608863831e-01, 5.005794167518616e-01, 5.031102895736694e-01, 5.087648630142212e-01, 5.128493309020996e-01, 5.129465460777283e-01, 5.130302309989929e-01, 5.130882263183594e-01, 5.131070613861084e-01, 5.082803964614868e-01, 4.99131441116333e-01, 4.947637617588043e-01, 4.929637312889099e-01, 4.954495429992676e-01, 5.012843012809753e-01, 5.034357309341431e-01, 5.045644044876099e-01, 5.019223690032959e-01, 4.939040839672089e-01, 4.939737915992737e-01, 4.99645471572876e-01, 0e+00, 0e+00, 0e+00, 0e+00, 0e+00, 0e+00, 0e+00, 0e+00, 0e+00, 0e+00, 0e+00]
vav.conEco.yOATFre.y=[8.00000011920929e-01, 1e+00, 1e+00, 1e+00, 1e+00, 1e+00, 1e+00, 1e+00, 1e+00, 1e+00, 1e+00, 1e+00, 1e+00, 1e+00, 1e+00, 1e+00, 1e+00, 1e+00, 1e+00, 1e+00, 1e+00, 1e+00, 1e+00, 1e+00, 1e+00, 1e+00, 1e+00, 1e+00, 1e+00, 1e+00, 1e+00, 1e+00, 1e+00, 1e+00, 1e+00, 1e+00, 1e+00, 1e+00, 1e+00, 1e+00, 1e+00, 1e+00, 1e+00, 1e+00, 1e+00, 1e+00, 1e+00, 1e+00, 1e+00, 1e+00, 1e+00, 1e+00, 1e+00, 1e+00, 1e+00, 1e+00, 1e+00, 1e+00, 1e+00, 1e+00, 1e+00, 1e+00, 1e+00, 1e+00, 1e+00, 1e+00, 1e+00, 1e+00, 1e+00, 1e+00, 1e+00, 1e+00, 1e+00, 1e+00, 1e+00, 1e+00, 1e+00, 1e+00, 1e+00, 1e+00, 1e+00, 1e+00, 1e+00, 1e+00, 1e+00, 1e+00, 1e+00, 1e+00, 1e+00, 1e+00, 1e+00, 1e+00, 1e+00, 1e+00, 1e+00, 1e+00, 1e+00, 1e+00, 1e+00, 1e+00, 1e+00]
vav.conEco.conV_flow.y=[5.000000074505806e-02, 7.699821591377258e-01, 1e+00, 1e+00, 1e+00, 1e+00, 1e+00, 1e+00, 1e+00, 1e+00, 1e+00, 1e+00, 2.003291994333267e-01, 4.606155157089233e-01, 4.697194397449493e-01, 4.698964059352875e-01, 4.699382781982422e-01, 4.699591100215912e-01, 4.699551463127136e-01, 4.69910204410553e-01, 4.698446989059448e-01, 4.699223935604095e-01, 4.699263870716095e-01, 4.699172675609589e-01, 4.699252843856812e-01, 4.699286818504333e-01, 4.699143469333649e-01, 4.69883918762207e-01, 4.698228538036346e-01, 4.69736784696579e-01, 4.697643518447876e-01, 4.69846248626709e-01, 3.968181014060974e-01, 2.969178259372711e-01, 1.974345594644542e-01, 9.830702841281933e-02, 5.317255854606628e-04, 0e+00, 0e+00, 0e+00, 3.497096300125122e-01, 1e+00, 1e+00, 1e+00, 1e+00, 1e+00, 1e+00, 1e+00, 1e+00, 1e+00, 1e+00, 1e+00, 1e+00, 1e+00, 1e+00, 1e+00, 1e+00, 1e+00, 1e+00, 1e+00, 1e+00, 1e+00, 2.091980129480362e-01, 3.95415723323822e-01, 2.978655099868774e-01, 1.806969344615936e-01, 6.361526250839233e-02, 0e+00, 0e+00, 0e+00, 0e+00, 0e+00, 0e+00, 0e+00, 0e+00, 0e+00, 0e+00, 0e+00, 0e+00, 0e+00, 0e+00, 0e+00, 0e+00, 0e+00, 0e+00, 0e+00, 0e+00, 0e+00, 0e+00, 0e+00, 3.503915071487427e-01, 1e+00, 1e+00, 1e+00, 1e+00, 1e+00, 1e+00, 1e+00, 1e+00, 1e+00, 1e+00]
vav.conEco.uOATSup=[0e+00, 0e+00, 0e+00, 0e+00, 0e+00, 0e+00, 0e+00, 0e+00, 0e+00, 0e+00, 0e+00, 0e+00, 0e+00, 0e+00, 0e+00, 0e+00, 0e+00, 0e+00, 0e+00, 0e+00, 0e+00, 0e+00, 0e+00, 0e+00, 0e+00, 0e+00, 0e+00, 0e+00, 0e+00, 0e+00, 1.026101782917976e-01, 3.986431956291199e-01, 4.895002245903015e-01, 4.895503520965576e-01, 4.895012080669403e-01, 4.894708693027496e-01, 4.886870682239532e-01, 4.86137717962265e-01, 4.838972687721252e-01, 4.82088714838028e-01, 0e+00, 0e+00, 0e+00, 0e+00, 0e+00, 0e+00, 0e+00, 0e+00, 0e+00, 0e+00, 0e+00, 0e+00, 0e+00, 0e+00, 0e+00, 0e+00, 0e+00, 0e+00, 0e+00, 0e+00, 0e+00, 0e+00, 0e+00, 4.750367105007172e-01, 4.921489655971527e-01, 4.931665658950806e-01, 4.924658834934235e-01, 4.93904173374176e-01, 4.964125752449036e-01, 4.984560608863831e-01, 5.005794167518616e-01, 5.031102895736694e-01, 5.087648630142212e-01, 5.128493309020996e-01, 5.129465460777283e-01, 5.130302309989929e-01, 5.130882263183594e-01, 5.131070613861084e-01, 5.082803964614868e-01, 4.99131441116333e-01, 4.947637617588043e-01, 4.929637312889099e-01, 4.954495429992676e-01, 5.012843012809753e-01, 5.034357309341431e-01, 5.045644044876099e-01, 5.019223690032959e-01, 4.939040839672089e-01, 4.939737915992737e-01, 4.99645471572876e-01, 0e+00, 0e+00, 0e+00, 0e+00, 0e+00, 0e+00, 0e+00, 0e+00, 0e+00, 0e+00, 0e+00]
vav.dpRetDuc.m_flow=[-1.721004415367045e-11, -1.067776125296405e-07, -1.14984011645447e-07, -5.076602249687312e-08, -4.720386215240069e-08, 3.076275589819488e-08, -7.077250341325225e-09, -8.453361743931968e-08, -7.51886943817226e-08, -9.751436635951904e-08, -8.032674969626896e-08, -1.527801352096958e-08, 3.433031797409058e+00, 2.645586729049683e+00, 2.642282247543335e+00, 2.641735315322876e+00, 2.64255690574646e+00, 2.642930746078491e+00, 2.642717599868774e+00, 2.641465187072754e+00, 2.640474557876587e+00, 2.642194986343384e+00, 2.642119169235229e+00, 2.641963005065918e+00, 2.642169713973999e+00, 2.642204284667969e+00, 2.641780614852905e+00, 2.641074419021606e+00, 2.639404535293579e+00, 2.637759208679199e+00, 2.638813734054565e+00, 2.640798091888428e+00, 2.641607761383057e+00, 2.644165515899658e+00, 2.644972801208496e+00, 2.645601511001587e+00, 2.645685195922852e+00, 2.645819425582886e+00, 2.645885229110718e+00, 2.64489221572876e+00, -2.962158873742737e-07, -4.154563271185907e-08, 2.339291569342095e-07, 5.501627597936931e-08, -9.526981870067175e-09, -1.711194101972069e-07, -1.610036122201564e-07, -1.711688071281969e-07, -1.140982561764758e-07, -7.129276013984054e-08, -8.117834937593216e-08, -2.75976965724567e-08, -2.968518053592106e-08, -3.086090316628542e-07, -3.29025588996501e-08, -1.43591250889586e-07, -1.938856541983099e-07, 1.555245745521469e-07, -6.054633416852084e-08, -1.6209445163895e-07, -1.096892674468108e-06, 2.220705823674507e-07, 3.190952777862549e+00, 2.642252922058105e+00, 2.641124248504639e+00, 2.641480684280396e+00, 2.641422271728516e+00, 2.640760183334351e+00, 2.638588428497314e+00, 2.637498617172241e+00, 2.638429641723633e+00, 2.638877153396606e+00, 2.638781309127808e+00, 2.63819146156311e+00, 2.640454769134521e+00, 2.643444538116455e+00, 2.645520687103271e+00, 2.646393299102783e+00, 2.645567655563354e+00, 2.641605138778687e+00, 2.642627954483032e+00, 2.643449783325195e+00, 2.641687870025635e+00, 2.63803768157959e+00, 2.634414434432983e+00, 2.686826467514038e+00, 2.674730062484741e+00, 2.63991904258728e+00, 2.64089560508728e+00, 2.640627384185791e+00, -5.496564625673273e-08, -7.460317164031949e-08, -1.267015363737301e-07, -3.793899452375626e-07, -4.488661318191589e-07, -1.24092622399985e-07, 5.567279117713042e-07, 9.505674114507201e-08, 7.060061628198777e-14, -2.989498000260937e-07, -1.012767327779329e-07]
vav.dpRetDuc.m_flow_nominal=[6.714048862457275e+00, 6.714048862457275e+00]
vav.fanSup.m_flow=[3.896542810633008e-12, 1.043052400007127e-08, 1.709928554305407e-08, -3.974651363591875e-08, -2.982267588436116e-08, -9.09347761535173e-08, -3.365417455825082e-08, 4.317698554245911e-08, 2.467145421292116e-08, 4.470582837257098e-08, 1.625790702064478e-08, -3.726516695223836e-08, 3.624215841293335e+00, 2.983782768249512e+00, 2.983282804489136e+00, 2.983309745788574e+00, 2.983250379562378e+00, 2.98322319984436e+00, 2.983237743377686e+00, 2.983325481414795e+00, 2.983399868011475e+00, 2.983275890350342e+00, 2.983280658721924e+00, 2.9832923412323e+00, 2.983277559280396e+00, 2.983274936676025e+00, 2.983304500579834e+00, 2.983354806900024e+00, 2.983472108840942e+00, 2.983591556549072e+00, 2.983518362045288e+00, 2.983377456665039e+00, 2.982533931732178e+00, 2.982368946075439e+00, 2.98231840133667e+00, 2.982278108596802e+00, 2.982285261154175e+00, 2.982325315475464e+00, 2.982376098632812e+00, 2.982495546340942e+00, 2.283945264025533e-07, -5.319024154459839e-08, -2.809903492106969e-07, -5.973640782030998e-08, 9.445542126229611e-09, 1.387005852393486e-07, 8.927023031901626e-08, 8.035666354544446e-08, 9.966786507220604e-09, -2.259850973018729e-08, -5.706101369185035e-09, -5.521178536582738e-08, -2.454688008413086e-08, 2.134969179223845e-07, -6.884204140078509e-08, 4.920432061794658e-08, 9.007614920619579e-08, -2.165808581366959e-07, 2.156950884568687e-08, 1.201502755066031e-07, 8.697514886080171e-07, -3.591952406623022e-07, 3.369759798049927e+00, 2.982959508895874e+00, 2.982532739639282e+00, 2.982502460479736e+00, 2.982511043548584e+00, 2.98254132270813e+00, 2.982671976089478e+00, 2.982746601104736e+00, 2.982702493667603e+00, 2.982703924179077e+00, 2.982818603515625e+00, 2.982973098754883e+00, 2.982843637466431e+00, 2.982668399810791e+00, 2.982547521591187e+00, 2.982495307922363e+00, 2.982406139373779e+00, 2.982498645782471e+00, 2.982425451278687e+00, 2.982379198074341e+00, 2.982476949691772e+00, 2.982730388641357e+00, 2.982983112335205e+00, 2.979836702346802e+00, 2.980429887771606e+00, 2.982599973678589e+00, 2.982532739639282e+00, 2.98255729675293e+00, -3.441484253130511e-08, -6.113734851709296e-09, 4.47895338595572e-08, 2.706973418753478e-07, 2.688501012926281e-07, -8.29382003075807e-08, -6.97148323069996e-07, -1.081401137525972e-07, 3.77464012262939e-15, 2.848457825166406e-07, 5.27409120820721e-08]
vav.fanSup.m_flow_nominal=[1.342809772491455e+01, 1.342809772491455e+01]
