last-generated=2020-09-04
statistics-initialization=
{
  "linear": "6"
}
statistics-simulation=
{
  "linear": "0, 4, 0",
  "nonlinear": " ",
  "number of continuous time states": "5",
  "numerical Jacobians": "0"
}
time=[0e+00, 3.1536e+07]
thermalZoneThreeElements.TAir=[2.951499938964844e+02, 2.951437561035156e+02, 2.90746728515625e+02, 2.919100158691406e+02, 2.947775024414062e+02, 2.917029418945312e+02, 2.928724243164062e+02, 2.946701782226563e+02, 2.924613159179688e+02, 2.940456848144531e+02, 2.974692687988281e+02, 2.939089111328125e+02, 2.949181457519531e+02, 3.003759948730469e+02, 2.963233337402344e+02, 2.983421936035156e+02, 3.014738220214844e+02, 2.991315856933594e+02, 3.041856567382812e+02, 3.023322143554688e+02, 3.033089904785156e+02, 3.059137817382813e+02, 3.025053039550781e+02, 3.000746276855469e+02, 3.06306884765625e+02, 3.057640075683594e+02, 3.057405517578125e+02, 3.070942749023437e+02, 3.044656372070312e+02, 3.058099914550781e+02, 3.125852355957031e+02, 3.060303466796875e+02, 3.087664123535156e+02, 3.163517456054688e+02, 3.109684814453125e+02, 3.120411987304688e+02, 3.170940124511719e+02, 3.082220153808594e+02, 3.110160400390625e+02, 3.150081176757812e+02, 3.101937866210938e+02, 3.133496765136719e+02, 3.1661171875e+02, 3.145457336425781e+02, 3.188366027832031e+02, 3.135602722167969e+02, 3.088632202148438e+02, 3.119977355957031e+02, 3.090528259277344e+02, 3.097027160644531e+02, 3.176007080078125e+02, 3.111923034667969e+02, 3.118460693359375e+02, 3.174241943359375e+02, 3.106496887207031e+02, 3.100824584960938e+02, 3.170583190917969e+02, 3.114568725585938e+02, 3.136205871582031e+02, 3.18313427734375e+02, 3.131546936035156e+02, 3.179244445800781e+02, 3.103416442871094e+02, 3.086840759277344e+02, 3.132064880371094e+02, 3.068056030273438e+02, 3.0794462890625e+02, 3.128969543457031e+02, 3.078522644042969e+02, 3.091972412109375e+02, 3.113767395019531e+02, 3.082265747070313e+02, 3.075073669433594e+02, 3.114375549316406e+02, 3.034157531738281e+02, 3.039238891601562e+02, 3.103902282714844e+02, 3.036335998535156e+02, 3.068784362792969e+02, 3.085915954589844e+02, 3.037552490234375e+02, 3.052600646972656e+02, 3.015747924804688e+02, 3.0045087890625e+02, 3.035585754394531e+02, 2.970057373046875e+02, 2.960986267089844e+02, 3.003970397949219e+02, 2.961011535644531e+02, 2.983301452636719e+02, 2.999239501953125e+02, 2.959647033691406e+02, 2.957529724121094e+02, 2.96808740234375e+02, 2.929541625976562e+02, 2.935933227539062e+02, 2.945523864746094e+02, 2.922120300292969e+02, 2.953898986816406e+02, 2.937491638183594e+02, 2.926837158203125e+02]
