last-generated=2021-05-06
statistics-initialization=
{
  "linear": "0, 0, 0, 0, 0, 4",
  "nonlinear": "1, 0, 0, 0, 0, 2, 0",
  "numerical Jacobians": "0"
}
statistics-simulation=
{
  "linear": "0, 0, 0, 0, 0, 0, 0, 0, 0, 0, 0, 4, 0",
  "nonlinear": "1, 0, 0, 0, 0, 1",
  "number of continuous time states": "78",
  "numerical Jacobians": "0"
}
time=[1.6848e+07, 1.728e+07]
flo.sou.TAir=[2.931499938964844e+02, 2.971668090820312e+02, 2.972225036621094e+02, 2.971916198730469e+02, 2.971634521484375e+02, 2.976108093261719e+02, 2.959229431152344e+02, 2.961484069824219e+02, 2.963523864746094e+02, 2.965548095703125e+02, 2.964136657714844e+02, 2.964065551757812e+02, 2.966634826660156e+02, 2.967576599121094e+02, 2.966087951660156e+02, 2.9619677734375e+02, 2.977794189453125e+02, 2.977786560058594e+02, 2.979592895507812e+02, 2.981302490234375e+02, 2.982315979003906e+02, 2.98164306640625e+02, 2.981656799316406e+02, 2.9817578125e+02, 2.98184326171875e+02, 2.984797668457031e+02, 2.962496337890625e+02, 2.963627624511719e+02, 2.96443603515625e+02, 2.965510559082031e+02, 2.966260375976562e+02, 2.966682434082031e+02, 2.966752624511719e+02, 2.9660302734375e+02, 2.965456237792969e+02, 2.964644775390625e+02, 2.983171081542969e+02, 2.986185913085938e+02, 2.987759704589844e+02, 2.9881494140625e+02, 2.9896044921875e+02, 2.989888916015625e+02, 2.989766540527344e+02, 2.989588317871094e+02, 2.98989501953125e+02, 2.992349548339844e+02, 2.976835327148438e+02, 2.971244812011719e+02, 2.971797180175781e+02, 2.971671447753906e+02, 2.971410522460938e+02, 2.971494140625e+02, 2.971464538574219e+02, 2.971352233886719e+02, 2.972028503417969e+02, 2.971273498535156e+02, 2.992659912109375e+02, 2.99650634765625e+02, 2.997498168945312e+02, 2.997008056640625e+02, 2.996862182617188e+02, 2.996372680664062e+02, 2.99593017578125e+02, 2.995744323730469e+02, 2.995301208496094e+02, 2.998014831542969e+02, 2.977274475097656e+02, 2.97123291015625e+02, 2.971790161132812e+02, 2.97166015625e+02, 2.971349487304688e+02, 2.971527099609375e+02, 2.971265563964844e+02, 2.971494750976562e+02, 2.972197570800781e+02, 2.971319274902344e+02, 2.994474487304688e+02, 2.997357788085938e+02, 2.998211975097656e+02, 2.9981982421875e+02, 2.997896728515625e+02, 2.997663879394531e+02, 2.996862487792969e+02, 2.996406555175781e+02, 2.996470947265625e+02, 2.998261413574219e+02, 2.977447204589844e+02, 2.97127197265625e+02, 2.971707458496094e+02, 2.971576232910156e+02, 2.971429748535156e+02, 2.971521606445312e+02, 2.971420593261719e+02, 2.9713623046875e+02, 2.972249450683594e+02, 2.971300354003906e+02, 2.99253662109375e+02, 2.995610961914062e+02, 2.996589965820312e+02, 2.99668212890625e+02, 2.996557922363281e+02]
flo.eas.TAir=[2.931499938964844e+02, 2.971341247558594e+02, 2.970737915039062e+02, 2.970567932128906e+02, 2.973408508300781e+02, 2.982903137207031e+02, 2.966684875488281e+02, 2.967228698730469e+02, 2.969230041503906e+02, 2.96755615234375e+02, 2.964786682128906e+02, 2.96463134765625e+02, 2.965597229003906e+02, 2.966072692871094e+02, 2.963719177246094e+02, 2.961039123535156e+02, 2.977420349121094e+02, 2.978665771484375e+02, 2.981085815429688e+02, 2.982443542480469e+02, 2.983460998535156e+02, 2.983056640625e+02, 2.982931518554688e+02, 2.983115234375e+02, 2.984505615234375e+02, 2.992276306152344e+02, 2.971983337402344e+02, 2.971505432128906e+02, 2.971116943359375e+02, 2.968581237792969e+02, 2.967659606933594e+02, 2.967909851074219e+02, 2.968565063476562e+02, 2.968031311035156e+02, 2.967182312011719e+02, 2.966280517578125e+02, 2.983945617675781e+02, 2.986953125e+02, 2.988731689453125e+02, 2.989667053222656e+02, 2.991383666992188e+02, 2.991755676269531e+02, 2.9918310546875e+02, 2.991704711914062e+02, 2.992575988769531e+02, 2.996834106445312e+02, 2.976611633300781e+02, 2.971482543945312e+02, 2.971180725097656e+02, 2.971173706054688e+02, 2.971378479003906e+02, 2.971535949707031e+02, 2.971566467285156e+02, 2.971397094726562e+02, 2.971437072753906e+02, 2.971344909667969e+02, 2.993925476074219e+02, 2.997301635742188e+02, 2.998603210449219e+02, 2.998509521484375e+02, 2.998391723632812e+02, 2.998146362304688e+02, 2.997768249511719e+02, 2.997344055175781e+02, 2.997828369140625e+02, 3.002511291503906e+02, 2.976524658203125e+02, 2.971452941894531e+02, 2.971136169433594e+02, 2.971103210449219e+02, 2.971379699707031e+02, 2.971543579101562e+02, 2.97146240234375e+02, 2.971482543945312e+02, 2.971459350585938e+02, 2.9713720703125e+02, 2.994834289550781e+02, 2.998076171875e+02, 2.999442443847656e+02, 2.99959716796875e+02, 2.99939208984375e+02, 2.999175109863281e+02, 2.99861083984375e+02, 2.998107299804688e+02, 2.998739013671875e+02, 3.003777465820312e+02, 2.976408996582031e+02, 2.971257019042969e+02, 2.971379699707031e+02, 2.9713232421875e+02, 2.971450805664062e+02, 2.971539916992188e+02, 2.971527709960938e+02, 2.971481628417969e+02, 2.971452026367188e+02, 2.971367492675781e+02, 2.9939013671875e+02, 2.99636962890625e+02, 2.997919311523438e+02, 2.998018188476562e+02, 2.997889099121094e+02]
flo.nor.TAir=[2.931499938964844e+02, 2.971636657714844e+02, 2.971430053710938e+02, 2.97209228515625e+02, 2.972874450683594e+02, 2.978727722167969e+02, 2.959508972167969e+02, 2.961092834472656e+02, 2.962631530761719e+02, 2.963556823730469e+02, 2.961381225585938e+02, 2.961424865722656e+02, 2.962339172363281e+02, 2.96285888671875e+02, 2.960673217773438e+02, 2.958259582519531e+02, 2.974353637695312e+02, 2.976993713378906e+02, 2.978772277832031e+02, 2.980234680175781e+02, 2.981499328613281e+02, 2.980888671875e+02, 2.980801086425781e+02, 2.981210327148438e+02, 2.982200622558594e+02, 2.986314697265625e+02, 2.962074279785156e+02, 2.962872314453125e+02, 2.962967529296875e+02, 2.962721557617188e+02, 2.962736511230469e+02, 2.963271484375e+02, 2.964070739746094e+02, 2.963951110839844e+02, 2.963573303222656e+02, 2.964078063964844e+02, 2.981115112304688e+02, 2.983871459960938e+02, 2.985680541992188e+02, 2.986800537109375e+02, 2.988661193847656e+02, 2.989220275878906e+02, 2.989403381347656e+02, 2.989375e+02, 2.990083618164062e+02, 2.993002014160156e+02, 2.976617736816406e+02, 2.971210021972656e+02, 2.971629028320312e+02, 2.971535949707031e+02, 2.971318664550781e+02, 2.971602783203125e+02, 2.971625061035156e+02, 2.971398620605469e+02, 2.97204345703125e+02, 2.971294250488281e+02, 2.991277465820312e+02, 2.995121765136719e+02, 2.996365356445312e+02, 2.996331176757812e+02, 2.996298522949219e+02, 2.996181945800781e+02, 2.995856628417969e+02, 2.99546630859375e+02, 2.99574951171875e+02, 2.998488159179688e+02, 2.977212219238281e+02, 2.971204528808594e+02, 2.971602478027344e+02, 2.971492309570312e+02, 2.971289978027344e+02, 2.971608276367188e+02, 2.971479797363281e+02, 2.971525573730469e+02, 2.972202758789062e+02, 2.971377258300781e+02, 2.992412719726562e+02, 2.995940856933594e+02, 2.997217407226562e+02, 2.997379150390625e+02, 2.99732666015625e+02, 2.9971435546875e+02, 2.996651611328125e+02, 2.996220703125e+02, 2.996593627929688e+02, 2.999507141113281e+02, 2.977379760742188e+02, 2.971233520507812e+02, 2.971589965820312e+02, 2.971505737304688e+02, 2.971340026855469e+02, 2.971599731445312e+02, 2.971565551757812e+02, 2.971478881835938e+02, 2.972268676757812e+02, 2.971321411132812e+02, 2.991317138671875e+02, 2.994738159179688e+02, 2.995905456542969e+02, 2.99552734375e+02, 2.995453186035156e+02]
flo.wes.TAir=[2.931499938964844e+02, 2.974656982421875e+02, 2.975330200195312e+02, 2.975252685546875e+02, 2.975234680175781e+02, 2.979424133300781e+02, 2.961119689941406e+02, 2.962715454101562e+02, 2.964310913085938e+02, 2.965291137695312e+02, 2.963282775878906e+02, 2.963873291015625e+02, 2.968303833007812e+02, 2.9714453125e+02, 2.966477966308594e+02, 2.962027587890625e+02, 2.978879699707031e+02, 2.979863891601562e+02, 2.981628723144531e+02, 2.982986755371094e+02, 2.983910522460938e+02, 2.983446655273438e+02, 2.983403625488281e+02, 2.983186645507812e+02, 2.983321228027344e+02, 2.986282958984375e+02, 2.963159790039062e+02, 2.965570678710938e+02, 2.96676025390625e+02, 2.965110168457031e+02, 2.966635131835938e+02, 2.967957153320312e+02, 2.971878356933594e+02, 2.971821899414062e+02, 2.971065673828125e+02, 2.971254272460938e+02, 2.987720336914062e+02, 2.988285217285156e+02, 2.990380554199219e+02, 2.991209716796875e+02, 2.992525024414062e+02, 2.992784729003906e+02, 2.992740478515625e+02, 2.992402648925781e+02, 2.992667236328125e+02, 2.994978637695312e+02, 2.975017395019531e+02, 2.971455078125e+02, 2.971578674316406e+02, 2.971516418457031e+02, 2.971393737792969e+02, 2.971821899414062e+02, 2.972079467773438e+02, 2.971605224609375e+02, 2.970955505371094e+02, 2.971064758300781e+02, 2.996952209472656e+02, 2.998486633300781e+02, 2.999557495117188e+02, 2.999159545898438e+02, 2.998971862792969e+02, 2.998533935546875e+02, 2.998008728027344e+02, 2.997327270507812e+02, 2.996992492675781e+02, 2.999410705566406e+02, 2.974866027832031e+02, 2.971449279785156e+02, 2.971571655273438e+02, 2.971494140625e+02, 2.971398620605469e+02, 2.971886596679688e+02, 2.972025756835938e+02, 2.971688842773438e+02, 2.971639099121094e+02, 2.971005859375e+02, 2.998121643066406e+02, 2.999569396972656e+02, 3.0006689453125e+02, 3.000578002929688e+02, 3.000206298828125e+02, 2.999845581054688e+02, 2.999125671386719e+02, 2.998463439941406e+02, 2.997944641113281e+02, 3.00008056640625e+02, 2.975094604492188e+02, 2.971476745605469e+02, 2.971548156738281e+02, 2.971511535644531e+02, 2.971458740234375e+02, 2.971772155761719e+02, 2.972107849121094e+02, 2.971680908203125e+02, 2.970765991210938e+02, 2.971327819824219e+02, 2.995871887207031e+02, 2.997315063476562e+02, 2.998255004882812e+02, 2.997985534667969e+02, 2.998016357421875e+02]
flo.cor.TAir=[2.931499938964844e+02, 2.9720361328125e+02, 2.97263916015625e+02, 2.972834777832031e+02, 2.973002319335938e+02, 2.977806091308594e+02, 2.959073791503906e+02, 2.959814453125e+02, 2.961138610839844e+02, 2.961543273925781e+02, 2.959204406738281e+02, 2.959080200195312e+02, 2.960906066894531e+02, 2.962186584472656e+02, 2.959822387695312e+02, 2.956881408691406e+02, 2.973826599121094e+02, 2.976090087890625e+02, 2.978017883300781e+02, 2.979444580078125e+02, 2.980523071289062e+02, 2.980484313964844e+02, 2.980598754882812e+02, 2.9807666015625e+02, 2.981174926757812e+02, 2.984965515136719e+02, 2.961374816894531e+02, 2.961623840332031e+02, 2.961593017578125e+02, 2.960926818847656e+02, 2.961023254394531e+02, 2.961409912109375e+02, 2.962453002929688e+02, 2.9622509765625e+02, 2.961757507324219e+02, 2.961616516113281e+02, 2.98001708984375e+02, 2.982987976074219e+02, 2.984936218261719e+02, 2.985936889648438e+02, 2.987783508300781e+02, 2.988386535644531e+02, 2.988653564453125e+02, 2.988716125488281e+02, 2.989239501953125e+02, 2.991671752929688e+02, 2.975032348632812e+02, 2.971116638183594e+02, 2.971600646972656e+02, 2.971489868164062e+02, 2.971350402832031e+02, 2.97163330078125e+02, 2.971567687988281e+02, 2.971454162597656e+02, 2.970333557128906e+02, 2.968504943847656e+02, 2.990142517089844e+02, 2.993885498046875e+02, 2.995227661132812e+02, 2.995216674804688e+02, 2.995203247070312e+02, 2.995095520019531e+02, 2.994855651855469e+02, 2.994575805664062e+02, 2.994620056152344e+02, 2.997038269042969e+02, 2.975920104980469e+02, 2.971109619140625e+02, 2.97156494140625e+02, 2.971470947265625e+02, 2.971332397460938e+02, 2.971624450683594e+02, 2.971483154296875e+02, 2.971520690917969e+02, 2.970828247070312e+02, 2.96890869140625e+02, 2.991420593261719e+02, 2.994779357910156e+02, 2.996109924316406e+02, 2.996312561035156e+02, 2.996236267089844e+02, 2.996170959472656e+02, 2.995773315429688e+02, 2.99541748046875e+02, 2.995503540039062e+02, 2.997969055175781e+02, 2.97614990234375e+02, 2.971134033203125e+02, 2.971511535644531e+02, 2.971471252441406e+02, 2.971338195800781e+02, 2.971630249023438e+02, 2.971522827148438e+02, 2.971510009765625e+02, 2.971038208007812e+02, 2.9687646484375e+02, 2.989916381835938e+02, 2.993429565429688e+02, 2.994673461914062e+02, 2.994810180664062e+02, 2.994808959960938e+02]
vav.TSetRoo.setPoiHea.y=[2.851499938964844e+02, 2.851499938964844e+02, 2.851499938964844e+02, 2.851499938964844e+02, 2.851499938964844e+02, 2.851499938964844e+02, 2.931499938964844e+02, 2.931499938964844e+02, 2.931499938964844e+02, 2.931499938964844e+02, 2.931499938964844e+02, 2.931499938964844e+02, 2.931499938964844e+02, 2.931499938964844e+02, 2.931499938964844e+02, 2.931499938964844e+02, 2.851499938964844e+02, 2.851499938964844e+02, 2.851499938964844e+02, 2.851499938964844e+02, 2.851499938964844e+02, 2.851499938964844e+02, 2.851499938964844e+02, 2.851499938964844e+02, 2.851499938964844e+02, 2.851499938964844e+02, 2.931499938964844e+02, 2.931499938964844e+02, 2.931499938964844e+02, 2.931499938964844e+02, 2.931499938964844e+02, 2.931499938964844e+02, 2.931499938964844e+02, 2.931499938964844e+02, 2.931499938964844e+02, 2.931499938964844e+02, 2.851499938964844e+02, 2.851499938964844e+02, 2.851499938964844e+02, 2.851499938964844e+02, 2.851499938964844e+02, 2.851499938964844e+02, 2.851499938964844e+02, 2.851499938964844e+02, 2.851499938964844e+02, 2.851499938964844e+02, 2.931499938964844e+02, 2.931499938964844e+02, 2.931499938964844e+02, 2.931499938964844e+02, 2.931499938964844e+02, 2.931499938964844e+02, 2.931499938964844e+02, 2.931499938964844e+02, 2.931499938964844e+02, 2.931499938964844e+02, 2.851499938964844e+02, 2.851499938964844e+02, 2.851499938964844e+02, 2.851499938964844e+02, 2.851499938964844e+02, 2.851499938964844e+02, 2.851499938964844e+02, 2.851499938964844e+02, 2.851499938964844e+02, 2.851499938964844e+02, 2.931499938964844e+02, 2.931499938964844e+02, 2.931499938964844e+02, 2.931499938964844e+02, 2.931499938964844e+02, 2.931499938964844e+02, 2.931499938964844e+02, 2.931499938964844e+02, 2.931499938964844e+02, 2.931499938964844e+02, 2.851499938964844e+02, 2.851499938964844e+02, 2.851499938964844e+02, 2.851499938964844e+02, 2.851499938964844e+02, 2.851499938964844e+02, 2.851499938964844e+02, 2.851499938964844e+02, 2.851499938964844e+02, 2.851499938964844e+02, 2.931499938964844e+02, 2.931499938964844e+02, 2.931499938964844e+02, 2.931499938964844e+02, 2.931499938964844e+02, 2.931499938964844e+02, 2.931499938964844e+02, 2.931499938964844e+02, 2.931499938964844e+02, 2.931499938964844e+02, 2.851499938964844e+02, 2.851499938964844e+02, 2.851499938964844e+02, 2.851499938964844e+02, 2.851499938964844e+02]
vav.TSetRoo.setPoiCoo.y=[3.031499938964844e+02, 3.031499938964844e+02, 3.031499938964844e+02, 3.031499938964844e+02, 3.031499938964844e+02, 3.031499938964844e+02, 2.971499938964844e+02, 2.971499938964844e+02, 2.971499938964844e+02, 2.971499938964844e+02, 2.971499938964844e+02, 2.971499938964844e+02, 2.971499938964844e+02, 2.971499938964844e+02, 2.971499938964844e+02, 2.971499938964844e+02, 3.031499938964844e+02, 3.031499938964844e+02, 3.031499938964844e+02, 3.031499938964844e+02, 3.031499938964844e+02, 3.031499938964844e+02, 3.031499938964844e+02, 3.031499938964844e+02, 3.031499938964844e+02, 3.031499938964844e+02, 2.971499938964844e+02, 2.971499938964844e+02, 2.971499938964844e+02, 2.971499938964844e+02, 2.971499938964844e+02, 2.971499938964844e+02, 2.971499938964844e+02, 2.971499938964844e+02, 2.971499938964844e+02, 2.971499938964844e+02, 3.031499938964844e+02, 3.031499938964844e+02, 3.031499938964844e+02, 3.031499938964844e+02, 3.031499938964844e+02, 3.031499938964844e+02, 3.031499938964844e+02, 3.031499938964844e+02, 3.031499938964844e+02, 3.031499938964844e+02, 2.971499938964844e+02, 2.971499938964844e+02, 2.971499938964844e+02, 2.971499938964844e+02, 2.971499938964844e+02, 2.971499938964844e+02, 2.971499938964844e+02, 2.971499938964844e+02, 2.971499938964844e+02, 2.971499938964844e+02, 3.031499938964844e+02, 3.031499938964844e+02, 3.031499938964844e+02, 3.031499938964844e+02, 3.031499938964844e+02, 3.031499938964844e+02, 3.031499938964844e+02, 3.031499938964844e+02, 3.031499938964844e+02, 3.031499938964844e+02, 2.971499938964844e+02, 2.971499938964844e+02, 2.971499938964844e+02, 2.971499938964844e+02, 2.971499938964844e+02, 2.971499938964844e+02, 2.971499938964844e+02, 2.971499938964844e+02, 2.971499938964844e+02, 2.971499938964844e+02, 3.031499938964844e+02, 3.031499938964844e+02, 3.031499938964844e+02, 3.031499938964844e+02, 3.031499938964844e+02, 3.031499938964844e+02, 3.031499938964844e+02, 3.031499938964844e+02, 3.031499938964844e+02, 3.031499938964844e+02, 2.971499938964844e+02, 2.971499938964844e+02, 2.971499938964844e+02, 2.971499938964844e+02, 2.971499938964844e+02, 2.971499938964844e+02, 2.971499938964844e+02, 2.971499938964844e+02, 2.971499938964844e+02, 2.971499938964844e+02, 3.031499938964844e+02, 3.031499938964844e+02, 3.031499938964844e+02, 3.031499938964844e+02, 3.031499938964844e+02]
vav.fanSup.y=[0e+00, 0e+00, 0e+00, 0e+00, 0e+00, 0e+00, 3.534725308418274e-01, 3.587305545806885e-01, 3.585769534111023e-01, 3.588084578514099e-01, 3.585079908370972e-01, 3.584838509559631e-01, 3.58227401971817e-01, 3.597921133041382e-01, 3.584069013595581e-01, 3.582187294960022e-01, 0e+00, 0e+00, 0e+00, 0e+00, 0e+00, 0e+00, 0e+00, 0e+00, 0e+00, 0e+00, 3.697844743728638e-01, 3.793854415416718e-01, 3.681506514549255e-01, 3.586673438549042e-01, 3.587684035301208e-01, 3.587616086006165e-01, 3.61099511384964e-01, 3.808623850345612e-01, 3.8128861784935e-01, 3.695456087589264e-01, 0e+00, 0e+00, 0e+00, 0e+00, 0e+00, 0e+00, 0e+00, 0e+00, 0e+00, 0e+00, 5.745716691017151e-01, 6.143214702606201e-01, 6.29073441028595e-01, 6.34146511554718e-01, 6.086562275886536e-01, 6.639573574066162e-01, 6.849114298820496e-01, 7.04129695892334e-01, 5.128805637359619e-01, 4.299814105033875e-01, 0e+00, 0e+00, 0e+00, 0e+00, 0e+00, 0e+00, 0e+00, 0e+00, 0e+00, 0e+00, 6.540185809135437e-01, 6.679846048355103e-01, 6.714699864387512e-01, 6.672072410583496e-01, 6.266316771507263e-01, 6.801627278327942e-01, 6.901986002922058e-01, 7.120876908302307e-01, 5.391982793807983e-01, 4.479250013828278e-01, 0e+00, 0e+00, 0e+00, 0e+00, 0e+00, 0e+00, 0e+00, 0e+00, 0e+00, 0e+00, 6.642695665359497e-01, 6.450048685073853e-01, 6.668933629989624e-01, 6.860536932945251e-01, 6.353738903999329e-01, 6.845940351486206e-01, 7.057256102561951e-01, 7.053990960121155e-01, 5.178990960121155e-01, 4.240629076957703e-01, 0e+00, 0e+00, 0e+00, 0e+00, 0e+00]
vav.zon[1].vav.y_actual=[9.990000128746033e-01, 9.990000128746033e-01, 9.990000128746033e-01, 9.990000128746033e-01, 9.990000128746033e-01, 9.990000128746033e-01, 5.640289187431335e-01, 5.707670450210571e-01, 5.711614489555359e-01, 5.703895092010498e-01, 5.71431577205658e-01, 5.715144872665405e-01, 5.723605751991272e-01, 5.723347067832947e-01, 5.71735680103302e-01, 5.724035501480103e-01, 9.990000128746033e-01, 9.990000128746033e-01, 9.990000128746033e-01, 9.990000128746033e-01, 9.990000128746033e-01, 9.990000128746033e-01, 9.990000128746033e-01, 9.990000128746033e-01, 9.990000128746033e-01, 9.990000128746033e-01, 5.720463395118713e-01, 5.731969475746155e-01, 5.714716911315918e-01, 5.70858895778656e-01, 5.705158114433289e-01, 5.705485939979553e-01, 5.712357759475708e-01, 5.736061334609985e-01, 5.730876922607422e-01, 5.720219016075134e-01, 9.990000128746033e-01, 9.990000128746033e-01, 9.990000128746033e-01, 9.990000128746033e-01, 9.990000128746033e-01, 9.990000128746033e-01, 9.990000128746033e-01, 9.990000128746033e-01, 9.990000128746033e-01, 9.990000128746033e-01, 6.660513877868652e-01, 6.1616450548172e-01, 6.371417045593262e-01, 6.219493746757507e-01, 5.887143611907959e-01, 6.053516864776611e-01, 6.182534098625183e-01, 6.167382001876831e-01, 5.854187607765198e-01, 5.789047479629517e-01, 9.990000128746033e-01, 9.990000128746033e-01, 9.990000128746033e-01, 9.990000128746033e-01, 9.990000128746033e-01, 9.990000128746033e-01, 9.990000128746033e-01, 9.990000128746033e-01, 9.990000128746033e-01, 9.990000128746033e-01, 6.836832761764526e-01, 6.263612508773804e-01, 6.47104799747467e-01, 6.299310922622681e-01, 5.989727973937988e-01, 6.145657896995544e-01, 6.270975470542908e-01, 6.29244863986969e-01, 5.633854269981384e-01, 5.844675898551941e-01, 9.990000128746033e-01, 9.990000128746033e-01, 9.990000128746033e-01, 9.990000128746033e-01, 9.990000128746033e-01, 9.990000128746033e-01, 9.990000128746033e-01, 9.990000128746033e-01, 9.990000128746033e-01, 9.990000128746033e-01, 6.881192922592163e-01, 6.79188072681427e-01, 6.559080481529236e-01, 6.313644647598267e-01, 6.093703508377075e-01, 6.18168830871582e-01, 6.251115202903748e-01, 6.368582844734192e-01, 5.916363596916199e-01, 5.788556933403015e-01, 9.990000128746033e-01, 9.990000128746033e-01, 9.990000128746033e-01, 9.990000128746033e-01, 9.990000128746033e-01]
vav.zon[2].vav.y_actual=[9.990000128746033e-01, 9.990000128746033e-01, 9.990000128746033e-01, 9.990000128746033e-01, 9.990000128746033e-01, 9.990000128746033e-01, 5.640292763710022e-01, 5.707674026489258e-01, 5.711618065834045e-01, 5.703898072242737e-01, 5.714318752288818e-01, 5.715147852897644e-01, 5.723609328269958e-01, 5.723350048065186e-01, 5.717360377311707e-01, 5.724039077758789e-01, 9.990000128746033e-01, 9.990000128746033e-01, 9.990000128746033e-01, 9.990000128746033e-01, 9.990000128746033e-01, 9.990000128746033e-01, 9.990000128746033e-01, 9.990000128746033e-01, 9.990000128746033e-01, 9.990000128746033e-01, 5.7204669713974e-01, 5.731972455978394e-01, 5.714719891548157e-01, 5.708592534065247e-01, 5.705161690711975e-01, 5.705488920211792e-01, 5.712361335754395e-01, 5.736064910888672e-01, 5.730879902839661e-01, 5.720222592353821e-01, 9.990000128746033e-01, 9.990000128746033e-01, 9.990000128746033e-01, 9.990000128746033e-01, 9.990000128746033e-01, 9.990000128746033e-01, 9.990000128746033e-01, 9.990000128746033e-01, 9.990000128746033e-01, 9.990000128746033e-01, 7.61998176574707e-01, 7.637377381324768e-01, 8.661051392555237e-01, 9.037845134735107e-01, 8.993113040924072e-01, 9.013013243675232e-01, 9.000409841537476e-01, 8.425986766815186e-01, 7.809708118438721e-01, 6.430152058601379e-01, 9.990000128746033e-01, 9.990000128746033e-01, 9.990000128746033e-01, 9.990000128746033e-01, 9.990000128746033e-01, 9.990000128746033e-01, 9.990000128746033e-01, 9.990000128746033e-01, 9.990000128746033e-01, 9.990000128746033e-01, 8.092931509017944e-01, 7.637296319007874e-01, 8.606948256492615e-01, 9.040306210517883e-01, 8.980485796928406e-01, 9.022162556648254e-01, 8.951563835144043e-01, 8.561475276947021e-01, 7.439725399017334e-01, 6.715559363365173e-01, 9.990000128746033e-01, 9.990000128746033e-01, 9.990000128746033e-01, 9.990000128746033e-01, 9.990000128746033e-01, 9.990000128746033e-01, 9.990000128746033e-01, 9.990000128746033e-01, 9.990000128746033e-01, 9.990000128746033e-01, 8.289051055908203e-01, 8.90104353427887e-01, 9.046961665153503e-01, 9.017990827560425e-01, 8.997408151626587e-01, 9.020923376083374e-01, 9.017627835273743e-01, 8.958229422569275e-01, 8.269302248954773e-01, 6.553341746330261e-01, 9.990000128746033e-01, 9.990000128746033e-01, 9.990000128746033e-01, 9.990000128746033e-01, 9.990000128746033e-01]
vav.zon[3].vav.y_actual=[9.990000128746033e-01, 9.990000128746033e-01, 9.990000128746033e-01, 9.990000128746033e-01, 9.990000128746033e-01, 9.990000128746033e-01, 4.810207188129425e-01, 4.853017330169678e-01, 4.855473339557648e-01, 4.850662350654602e-01, 4.857152700424194e-01, 4.857667982578278e-01, 4.862917065620422e-01, 4.862756729125977e-01, 4.859042167663574e-01, 4.863183200359344e-01, 9.990000128746033e-01, 9.990000128746033e-01, 9.990000128746033e-01, 9.990000128746033e-01, 9.990000128746033e-01, 9.990000128746033e-01, 9.990000128746033e-01, 9.990000128746033e-01, 9.990000128746033e-01, 9.990000128746033e-01, 5.52085816860199e-01, 6.100070476531982e-01, 5.409707427024841e-01, 4.853589534759521e-01, 4.851450622081757e-01, 4.851655066013336e-01, 4.855935871601105e-01, 4.870617389678955e-01, 4.867415428161621e-01, 4.860817790031433e-01, 9.990000128746033e-01, 9.990000128746033e-01, 9.990000128746033e-01, 9.990000128746033e-01, 9.990000128746033e-01, 9.990000128746033e-01, 9.990000128746033e-01, 9.990000128746033e-01, 9.990000128746033e-01, 9.990000128746033e-01, 9.908584356307983e-01, 8.976480960845947e-01, 8.939431309700012e-01, 7.09237813949585e-01, 6.660920977592468e-01, 6.643036603927612e-01, 6.812120676040649e-01, 6.66582465171814e-01, 6.49205207824707e-01, 5.621232390403748e-01, 9.990000128746033e-01, 9.990000128746033e-01, 9.990000128746033e-01, 9.990000128746033e-01, 9.990000128746033e-01, 9.990000128746033e-01, 9.990000128746033e-01, 9.990000128746033e-01, 9.990000128746033e-01, 9.990000128746033e-01, 9.990000128746033e-01, 8.970392942428589e-01, 8.921248316764832e-01, 7.063902020454407e-01, 6.609622240066528e-01, 6.617733240127563e-01, 6.782006621360779e-01, 6.728353500366211e-01, 6.289849281311035e-01, 5.816875696182251e-01, 9.990000128746033e-01, 9.990000128746033e-01, 9.990000128746033e-01, 9.990000128746033e-01, 9.990000128746033e-01, 9.990000128746033e-01, 9.990000128746033e-01, 9.990000128746033e-01, 9.990000128746033e-01, 9.990000128746033e-01, 9.990000128746033e-01, 8.929790854454041e-01, 7.778618931770325e-01, 6.979896426200867e-01, 6.723232865333557e-01, 6.648964285850525e-01, 6.767736077308655e-01, 6.81321382522583e-01, 6.657440066337585e-01, 5.697804093360901e-01, 9.990000128746033e-01, 9.990000128746033e-01, 9.990000128746033e-01, 9.990000128746033e-01, 9.990000128746033e-01]
vav.zon[4].vav.y_actual=[9.990000128746033e-01, 9.990000128746033e-01, 9.990000128746033e-01, 9.990000128746033e-01, 9.990000128746033e-01, 9.990000128746033e-01, 5.640292763710022e-01, 5.707674026489258e-01, 5.711618065834045e-01, 5.703898072242737e-01, 5.714318752288818e-01, 5.715147852897644e-01, 5.723609328269958e-01, 5.723350048065186e-01, 5.717360377311707e-01, 5.724039077758789e-01, 9.990000128746033e-01, 9.990000128746033e-01, 9.990000128746033e-01, 9.990000128746033e-01, 9.990000128746033e-01, 9.990000128746033e-01, 9.990000128746033e-01, 9.990000128746033e-01, 9.990000128746033e-01, 9.990000128746033e-01, 5.7204669713974e-01, 5.731972455978394e-01, 5.714719891548157e-01, 5.708592534065247e-01, 5.705161690711975e-01, 5.705488920211792e-01, 5.712361335754395e-01, 5.736064910888672e-01, 5.730879902839661e-01, 5.720222592353821e-01, 9.990000128746033e-01, 9.990000128746033e-01, 9.990000128746033e-01, 9.990000128746033e-01, 9.990000128746033e-01, 9.990000128746033e-01, 9.990000128746033e-01, 9.990000128746033e-01, 9.990000128746033e-01, 9.990000128746033e-01, 7.448825836181641e-01, 7.36769437789917e-01, 7.9804927110672e-01, 7.708150148391724e-01, 7.406290769577026e-01, 7.520471215248108e-01, 7.839148044586182e-01, 7.729136347770691e-01, 7.221037745475769e-01, 6.230431199073792e-01, 9.990000128746033e-01, 9.990000128746033e-01, 9.990000128746033e-01, 9.990000128746033e-01, 9.990000128746033e-01, 9.990000128746033e-01, 9.990000128746033e-01, 9.990000128746033e-01, 9.990000128746033e-01, 9.990000128746033e-01, 7.925925850868225e-01, 7.413367629051208e-01, 8.00658643245697e-01, 7.714579105377197e-01, 7.369893193244934e-01, 7.504324913024902e-01, 7.822413444519043e-01, 7.852011919021606e-01, 6.959052681922913e-01, 6.537826657295227e-01, 9.990000128746033e-01, 9.990000128746033e-01, 9.990000128746033e-01, 9.990000128746033e-01, 9.990000128746033e-01, 9.990000128746033e-01, 9.990000128746033e-01, 9.990000128746033e-01, 9.990000128746033e-01, 9.990000128746033e-01, 8.132778406143188e-01, 8.444229364395142e-01, 8.326433300971985e-01, 7.977368831634521e-01, 7.704231142997742e-01, 7.703977227210999e-01, 7.959051132202148e-01, 8.172152042388916e-01, 7.609613537788391e-01, 6.289662718772888e-01, 9.990000128746033e-01, 9.990000128746033e-01, 9.990000128746033e-01, 9.990000128746033e-01, 9.990000128746033e-01]
vav.zon[5].vav.y_actual=[9.990000128746033e-01, 9.990000128746033e-01, 9.990000128746033e-01, 9.990000128746033e-01, 9.990000128746033e-01, 9.990000128746033e-01, 4.810207188129425e-01, 4.853017330169678e-01, 4.855473339557648e-01, 4.850662350654602e-01, 4.857152700424194e-01, 4.857667982578278e-01, 4.862917065620422e-01, 4.950305223464966e-01, 4.859042167663574e-01, 4.863183200359344e-01, 9.990000128746033e-01, 9.990000128746033e-01, 9.990000128746033e-01, 9.990000128746033e-01, 9.990000128746033e-01, 9.990000128746033e-01, 9.990000128746033e-01, 9.990000128746033e-01, 9.990000128746033e-01, 9.990000128746033e-01, 4.860969483852386e-01, 4.868090748786926e-01, 4.857402145862579e-01, 4.853589534759521e-01, 4.851450622081757e-01, 4.851655066013336e-01, 4.999397993087769e-01, 6.184720993041992e-01, 6.188652515411377e-01, 5.509064793586731e-01, 9.990000128746033e-01, 9.990000128746033e-01, 9.990000128746033e-01, 9.990000128746033e-01, 9.990000128746033e-01, 9.990000128746033e-01, 9.990000128746033e-01, 9.990000128746033e-01, 9.990000128746033e-01, 9.990000128746033e-01, 6.955593824386597e-01, 6.370196938514709e-01, 6.680669188499451e-01, 6.537139415740967e-01, 6.374997496604919e-01, 6.495380997657776e-01, 7.581669688224792e-01, 9.035047888755798e-01, 8.91071081161499e-01, 6.992529034614563e-01, 9.990000128746033e-01, 9.990000128746033e-01, 9.990000128746033e-01, 9.990000128746033e-01, 9.990000128746033e-01, 9.990000128746033e-01, 9.990000128746033e-01, 9.990000128746033e-01, 9.990000128746033e-01, 9.990000128746033e-01, 7.055374979972839e-01, 6.281953454017639e-01, 6.567615866661072e-01, 6.444596648216248e-01, 6.275862455368042e-01, 6.431136131286621e-01, 7.686610817909241e-01, 9.050089120864868e-01, 9.068217873573303e-01, 7.446819543838501e-01, 9.990000128746033e-01, 9.990000128746033e-01, 9.990000128746033e-01, 9.990000128746033e-01, 9.990000128746033e-01, 9.990000128746033e-01, 9.990000128746033e-01, 9.990000128746033e-01, 9.990000128746033e-01, 9.990000128746033e-01, 7.238005399703979e-01, 6.842594742774963e-01, 6.772750020027161e-01, 6.60671591758728e-01, 6.485134959220886e-01, 6.528185606002808e-01, 7.520431280136108e-01, 8.429868817329407e-01, 8.802450299263e-01, 6.380157470703125e-01, 9.990000128746033e-01, 9.990000128746033e-01, 9.990000128746033e-01, 9.990000128746033e-01, 9.990000128746033e-01]
vav.damOut.y=[0e+00, 0e+00, 0e+00, 0e+00, 0e+00, 0e+00, 1e+00, 5.662813782691956e-01, 5.684985518455505e-01, 5.672436356544495e-01, 5.684674978256226e-01, 5.686129331588745e-01, 5.703247785568237e-01, 5.690004229545593e-01, 5.694496631622314e-01, 5.702309608459473e-01, 0e+00, 0e+00, 0e+00, 0e+00, 0e+00, 0e+00, 0e+00, 0e+00, 0e+00, 0e+00, 5.533934235572815e-01, 5.509396195411682e-01, 5.584035515785217e-01, 5.679976344108582e-01, 5.675320625305176e-01, 5.674537420272827e-01, 5.667418837547302e-01, 5.514007806777954e-01, 5.480486154556274e-01, 5.576407909393311e-01, 0e+00, 0e+00, 0e+00, 0e+00, 0e+00, 0e+00, 0e+00, 0e+00, 0e+00, 0e+00, 4.846059381961823e-01, 4.38631147146225e-01, 4.334194958209991e-01, 4.331957995891571e-01, 4.428514242172241e-01, 4.267663955688477e-01, 4.197978377342224e-01, 4.156156480312347e-01, 4.738562703132629e-01, 5.130897760391235e-01, 0e+00, 0e+00, 0e+00, 0e+00, 0e+00, 0e+00, 0e+00, 0e+00, 0e+00, 0e+00, 4.558232128620148e-01, 4.230978786945343e-01, 4.216859936714172e-01, 4.237269759178162e-01, 4.369497299194336e-01, 4.226082861423492e-01, 4.176747798919678e-01, 4.123615026473999e-01, 4.678485095500946e-01, 5.054782032966614e-01, 0e+00, 0e+00, 0e+00, 0e+00, 0e+00, 0e+00, 0e+00, 0e+00, 0e+00, 0e+00, 4.513509273529053e-01, 4.270492792129517e-01, 4.235581159591675e-01, 4.195071756839752e-01, 4.339644312858582e-01, 4.212995767593384e-01, 4.15938526391983e-01, 4.144838452339172e-01, 4.696106612682343e-01, 5.177335739135742e-01, 0e+00, 0e+00, 0e+00, 0e+00, 0e+00]
vav.zon[2].TSup=[2.931499938964844e+02, 2.931499938964844e+02, 2.931499938964844e+02, 2.931499938964844e+02, 2.931499938964844e+02, 2.931499938964844e+02, 2.851838989257812e+02, 2.852782897949219e+02, 2.852230834960938e+02, 2.851066284179688e+02, 2.85194091796875e+02, 2.851607666015625e+02, 2.851607971191406e+02, 2.851848449707031e+02, 2.851279602050781e+02, 2.850880737304688e+02, 2.854397888183594e+02, 2.854397888183594e+02, 2.854397888183594e+02, 2.854397888183594e+02, 2.854397888183594e+02, 2.854397583007812e+02, 2.854397583007812e+02, 2.854397583007812e+02, 2.854397583007812e+02, 2.854397583007812e+02, 2.849581604003906e+02, 2.85169189453125e+02, 2.851246337890625e+02, 2.8517431640625e+02, 2.8515478515625e+02, 2.851599426269531e+02, 2.851644592285156e+02, 2.851854248046875e+02, 2.851321411132812e+02, 2.85091796875e+02, 2.854454040527344e+02, 2.854454040527344e+02, 2.854454040527344e+02, 2.854454040527344e+02, 2.854453735351562e+02, 2.854453735351562e+02, 2.854453430175781e+02, 2.854453430175781e+02, 2.854453430175781e+02, 2.854453430175781e+02, 2.865432434082031e+02, 2.851187744140625e+02, 2.85155029296875e+02, 2.851654968261719e+02, 2.851978454589844e+02, 2.851531982421875e+02, 2.852487182617188e+02, 2.851348266601562e+02, 2.850211791992188e+02, 2.8503759765625e+02, 2.85400390625e+02, 2.85400390625e+02, 2.85400390625e+02, 2.85400390625e+02, 2.85400390625e+02, 2.85400390625e+02, 2.85400390625e+02, 2.854003601074219e+02, 2.854003601074219e+02, 2.854003601074219e+02, 2.862994079589844e+02, 2.851054382324219e+02, 2.851594848632812e+02, 2.85180419921875e+02, 2.85174560546875e+02, 2.852066345214844e+02, 2.851080627441406e+02, 2.852230529785156e+02, 2.851158142089844e+02, 2.850483703613281e+02, 2.85427490234375e+02, 2.85427490234375e+02, 2.85427490234375e+02, 2.85427490234375e+02, 2.85427490234375e+02, 2.85427490234375e+02, 2.85427490234375e+02, 2.85427490234375e+02, 2.85427490234375e+02, 2.854274597167969e+02, 2.862232360839844e+02, 2.850987243652344e+02, 2.851417846679688e+02, 2.852367248535156e+02, 2.851974487304688e+02, 2.851008911132812e+02, 2.851825561523438e+02, 2.852130432128906e+02, 2.850625610351562e+02, 2.850493469238281e+02, 2.854694519042969e+02, 2.85469482421875e+02, 2.85469482421875e+02, 2.854694519042969e+02, 2.85469482421875e+02]
vav.zon[3].TSup=[2.931499938964844e+02, 2.931499938964844e+02, 2.931499938964844e+02, 2.931499938964844e+02, 2.931499938964844e+02, 2.931499938964844e+02, 2.851836853027344e+02, 2.852783813476562e+02, 2.852231140136719e+02, 2.851065979003906e+02, 2.85194091796875e+02, 2.851607360839844e+02, 2.851607971191406e+02, 2.851849060058594e+02, 2.851279602050781e+02, 2.850880126953125e+02, 2.854378662109375e+02, 2.854378662109375e+02, 2.854378356933594e+02, 2.854378662109375e+02, 2.854378356933594e+02, 2.854378356933594e+02, 2.854378356933594e+02, 2.854378356933594e+02, 2.854378051757812e+02, 2.854378356933594e+02, 2.849579772949219e+02, 2.85169189453125e+02, 2.851246337890625e+02, 2.851743469238281e+02, 2.851547546386719e+02, 2.851599731445312e+02, 2.851643981933594e+02, 2.851854248046875e+02, 2.851322326660156e+02, 2.850917358398438e+02, 2.854434204101562e+02, 2.854434204101562e+02, 2.854434204101562e+02, 2.854434204101562e+02, 2.854433898925781e+02, 2.854433898925781e+02, 2.85443359375e+02, 2.85443359375e+02, 2.85443359375e+02, 2.85443359375e+02, 2.865438537597656e+02, 2.851187133789062e+02, 2.85155029296875e+02, 2.851654968261719e+02, 2.851980285644531e+02, 2.851531677246094e+02, 2.852486572265625e+02, 2.851348876953125e+02, 2.850209655761719e+02, 2.850375671386719e+02, 2.853992614746094e+02, 2.853992614746094e+02, 2.853992614746094e+02, 2.853992309570312e+02, 2.853992309570312e+02, 2.853992309570312e+02, 2.853992309570312e+02, 2.853992309570312e+02, 2.853992309570312e+02, 2.853992004394531e+02, 2.862998352050781e+02, 2.851054077148438e+02, 2.851594848632812e+02, 2.85180419921875e+02, 2.851747131347656e+02, 2.852066040039062e+02, 2.851081237792969e+02, 2.852230224609375e+02, 2.851155090332031e+02, 2.850483703613281e+02, 2.854259948730469e+02, 2.854259948730469e+02, 2.854259948730469e+02, 2.854259948730469e+02, 2.854259948730469e+02, 2.854259948730469e+02, 2.854259948730469e+02, 2.854259948730469e+02, 2.854259948730469e+02, 2.854259643554688e+02, 2.862236328125e+02, 2.850987243652344e+02, 2.851417846679688e+02, 2.852367248535156e+02, 2.851975402832031e+02, 2.851008605957031e+02, 2.851825256347656e+02, 2.852130126953125e+02, 2.850622863769531e+02, 2.850492553710938e+02, 2.854682312011719e+02, 2.8546826171875e+02, 2.854682312011719e+02, 2.854682312011719e+02, 2.8546826171875e+02]
vav.zon[4].TSup=[2.931499938964844e+02, 2.931499938964844e+02, 2.931499938964844e+02, 2.931499938964844e+02, 2.931499938964844e+02, 2.931499938964844e+02, 2.851838989257812e+02, 2.852782897949219e+02, 2.852230834960938e+02, 2.851066284179688e+02, 2.85194091796875e+02, 2.851607666015625e+02, 2.851607971191406e+02, 2.851848449707031e+02, 2.851279602050781e+02, 2.850880737304688e+02, 2.854397888183594e+02, 2.854397888183594e+02, 2.854397888183594e+02, 2.854397888183594e+02, 2.854397583007812e+02, 2.854397583007812e+02, 2.854397583007812e+02, 2.854397583007812e+02, 2.854397583007812e+02, 2.854397583007812e+02, 2.849581604003906e+02, 2.85169189453125e+02, 2.851246337890625e+02, 2.8517431640625e+02, 2.8515478515625e+02, 2.851599426269531e+02, 2.851644592285156e+02, 2.851854248046875e+02, 2.851321411132812e+02, 2.85091796875e+02, 2.854454040527344e+02, 2.854454040527344e+02, 2.854454040527344e+02, 2.854454040527344e+02, 2.854453735351562e+02, 2.854453735351562e+02, 2.854453430175781e+02, 2.854453430175781e+02, 2.854453430175781e+02, 2.854453430175781e+02, 2.865431213378906e+02, 2.851188049316406e+02, 2.85155029296875e+02, 2.851654968261719e+02, 2.851979370117188e+02, 2.851531677246094e+02, 2.852486877441406e+02, 2.851348571777344e+02, 2.850210876464844e+02, 2.8503759765625e+02, 2.854000854492188e+02, 2.854000854492188e+02, 2.854000854492188e+02, 2.854000854492188e+02, 2.854000854492188e+02, 2.854000854492188e+02, 2.854000854492188e+02, 2.854000854492188e+02, 2.854000549316406e+02, 2.854000549316406e+02, 2.862993469238281e+02, 2.851054382324219e+02, 2.851594848632812e+02, 2.85180419921875e+02, 2.851746215820312e+02, 2.852066345214844e+02, 2.851080932617188e+02, 2.852230529785156e+02, 2.8511572265625e+02, 2.850483703613281e+02, 2.854273376464844e+02, 2.854273376464844e+02, 2.854273376464844e+02, 2.854273376464844e+02, 2.854273376464844e+02, 2.854273376464844e+02, 2.854273376464844e+02, 2.854273376464844e+02, 2.854273376464844e+02, 2.854273071289062e+02, 2.862231750488281e+02, 2.850987243652344e+02, 2.851417846679688e+02, 2.852367248535156e+02, 2.851974792480469e+02, 2.851008911132812e+02, 2.851825256347656e+02, 2.852130432128906e+02, 2.850625e+02, 2.8504931640625e+02, 2.854690246582031e+02, 2.854690551757812e+02, 2.854690551757812e+02, 2.854690246582031e+02, 2.854690551757812e+02]
vav.zon[5].TSup=[2.931499938964844e+02, 2.931499938964844e+02, 2.931499938964844e+02, 2.931499938964844e+02, 2.931499938964844e+02, 2.931499938964844e+02, 2.851836853027344e+02, 2.852783813476562e+02, 2.852231140136719e+02, 2.851065979003906e+02, 2.85194091796875e+02, 2.851607360839844e+02, 2.851607971191406e+02, 2.851849060058594e+02, 2.851279602050781e+02, 2.850880126953125e+02, 2.854378662109375e+02, 2.854378662109375e+02, 2.854378356933594e+02, 2.854378662109375e+02, 2.854378356933594e+02, 2.854378356933594e+02, 2.854378356933594e+02, 2.854378356933594e+02, 2.854378051757812e+02, 2.854378356933594e+02, 2.849571533203125e+02, 2.85169189453125e+02, 2.851246643066406e+02, 2.851743469238281e+02, 2.851547546386719e+02, 2.851599731445312e+02, 2.851643981933594e+02, 2.851854248046875e+02, 2.851321105957031e+02, 2.85091796875e+02, 2.854434509277344e+02, 2.854434204101562e+02, 2.854434204101562e+02, 2.854434204101562e+02, 2.854433898925781e+02, 2.854433898925781e+02, 2.854433898925781e+02, 2.85443359375e+02, 2.85443359375e+02, 2.85443359375e+02, 2.86542724609375e+02, 2.851189270019531e+02, 2.85155029296875e+02, 2.851654968261719e+02, 2.851980895996094e+02, 2.851531677246094e+02, 2.852486877441406e+02, 2.851348266601562e+02, 2.85021240234375e+02, 2.8503759765625e+02, 2.854002990722656e+02, 2.854003295898438e+02, 2.854002990722656e+02, 2.854002990722656e+02, 2.854002990722656e+02, 2.854002990722656e+02, 2.854002990722656e+02, 2.854002990722656e+02, 2.854002990722656e+02, 2.854002685546875e+02, 2.862987976074219e+02, 2.851054992675781e+02, 2.851594848632812e+02, 2.85180419921875e+02, 2.851747741699219e+02, 2.852066040039062e+02, 2.851080932617188e+02, 2.852230529785156e+02, 2.85115966796875e+02, 2.850483703613281e+02, 2.854273681640625e+02, 2.854273681640625e+02, 2.854273681640625e+02, 2.854273681640625e+02, 2.854273986816406e+02, 2.854273681640625e+02, 2.854273681640625e+02, 2.854273681640625e+02, 2.854273681640625e+02, 2.854273681640625e+02, 2.862226257324219e+02, 2.850987548828125e+02, 2.851417541503906e+02, 2.852367248535156e+02, 2.851975708007812e+02, 2.851008605957031e+02, 2.851825256347656e+02, 2.852130432128906e+02, 2.850626220703125e+02, 2.8504931640625e+02, 2.854685363769531e+02, 2.854685363769531e+02, 2.854685363769531e+02, 2.854685363769531e+02, 2.854685363769531e+02]
vav.zon[1].TSup=[2.931499938964844e+02, 2.931499938964844e+02, 2.931499938964844e+02, 2.931499938964844e+02, 2.931499938964844e+02, 2.931499938964844e+02, 2.851838989257812e+02, 2.852782897949219e+02, 2.852230834960938e+02, 2.851066284179688e+02, 2.85194091796875e+02, 2.851607666015625e+02, 2.851607971191406e+02, 2.851848449707031e+02, 2.851279602050781e+02, 2.850880737304688e+02, 2.854397888183594e+02, 2.854397888183594e+02, 2.854397583007812e+02, 2.854397583007812e+02, 2.854397583007812e+02, 2.854397583007812e+02, 2.854397583007812e+02, 2.854397583007812e+02, 2.854397277832031e+02, 2.854397583007812e+02, 2.849581604003906e+02, 2.85169189453125e+02, 2.851246337890625e+02, 2.8517431640625e+02, 2.8515478515625e+02, 2.851599426269531e+02, 2.851644592285156e+02, 2.851854248046875e+02, 2.851321411132812e+02, 2.85091796875e+02, 2.854454040527344e+02, 2.854454040527344e+02, 2.854454040527344e+02, 2.854454040527344e+02, 2.854453735351562e+02, 2.854453735351562e+02, 2.854453430175781e+02, 2.854453430175781e+02, 2.854453430175781e+02, 2.854453430175781e+02, 2.865424499511719e+02, 2.851189575195312e+02, 2.85155029296875e+02, 2.851654968261719e+02, 2.851982116699219e+02, 2.851531677246094e+02, 2.852485961914062e+02, 2.851349182128906e+02, 2.850207824707031e+02, 2.850375671386719e+02, 2.854000854492188e+02, 2.854000854492188e+02, 2.854000854492188e+02, 2.854000549316406e+02, 2.854000854492188e+02, 2.854000854492188e+02, 2.854000854492188e+02, 2.854000549316406e+02, 2.854000549316406e+02, 2.854000549316406e+02, 2.86298583984375e+02, 2.851054992675781e+02, 2.851594848632812e+02, 2.85180419921875e+02, 2.851748352050781e+02, 2.852066040039062e+02, 2.851081237792969e+02, 2.852229919433594e+02, 2.851152038574219e+02, 2.850483703613281e+02, 2.854269104003906e+02, 2.854269104003906e+02, 2.854269104003906e+02, 2.854269104003906e+02, 2.854269104003906e+02, 2.854269104003906e+02, 2.854269104003906e+02, 2.854269104003906e+02, 2.854269104003906e+02, 2.854268798828125e+02, 2.862222595214844e+02, 2.850987548828125e+02, 2.851417541503906e+02, 2.852367248535156e+02, 2.851976318359375e+02, 2.85100830078125e+02, 2.851824951171875e+02, 2.852130126953125e+02, 2.850619812011719e+02, 2.850492858886719e+02, 2.854689636230469e+02, 2.854689636230469e+02, 2.854689636230469e+02, 2.854689636230469e+02, 2.854689636230469e+02]
vav.res.EFan=[0e+00, -3.17882581368778e-10, -3.178796670333384e-10, -3.178735885622785e-10, -3.17978837705013e-10, -3.183436847464804e-10, 7.2423896484375e+03, 8.113267578125e+03, 8.9799677734375e+03, 9.8473193359375e+03, 1.07149833984375e+04, 1.158132421875e+04, 1.2445294921875e+04, 1.33112451171875e+04, 1.41770498046875e+04, 1.504173828125e+04, 1.57619462890625e+04, 1.57619462890625e+04, 1.57619462890625e+04, 1.57619462890625e+04, 1.57619462890625e+04, 1.57619462890625e+04, 1.57619462890625e+04, 1.57619462890625e+04, 1.57619462890625e+04, 1.57619462890625e+04, 2.5041236328125e+04, 2.6056490234375e+04, 2.7053638671875e+04, 2.7937798828125e+04, 2.8805138671875e+04, 2.9672966796875e+04, 3.054169140625e+04, 3.1504482421875e+04, 3.2578677734375e+04, 3.357199609375e+04, 3.4312359375e+04, 3.4312359375e+04, 3.4312359375e+04, 3.4312359375e+04, 3.4312359375e+04, 3.4312359375e+04, 3.4312359375e+04, 3.4312359375e+04, 3.4312359375e+04, 3.4312359375e+04, 4.46933828125e+04, 4.875421875e+04, 5.3382484375e+04, 5.816305859375e+04, 6.2327578125e+04, 6.77827890625e+04, 7.3509859375e+04, 7.99265546875e+04, 8.41892109375e+04, 8.609103125e+04, 8.71531953125e+04, 8.71531953125e+04, 8.71531953125e+04, 8.71531953125e+04, 8.71531953125e+04, 8.71531953125e+04, 8.71531953125e+04, 8.71531953125e+04, 8.71531953125e+04, 8.71531953125e+04, 9.8491140625e+04, 1.041028984375e+05, 1.099254921875e+05, 1.15617328125e+05, 1.203434375e+05, 1.26186765625e+05, 1.323351875e+05, 1.3878309375e+05, 1.43356875e+05, 1.45544140625e+05, 1.4671859375e+05, 1.4671859375e+05, 1.4671859375e+05, 1.4671859375e+05, 1.4671859375e+05, 1.4671859375e+05, 1.4671859375e+05, 1.4671859375e+05, 1.4671859375e+05, 1.4671859375e+05, 1.58290703125e+05, 1.637105e+05, 1.6912290625e+05, 1.750521875e+05, 1.800563125e+05, 1.861618125e+05, 1.9247071875e+05, 1.99448984375e+05, 2.03884e+05, 2.05757046875e+05, 2.06772625e+05, 2.06772625e+05, 2.06772625e+05, 2.06772625e+05, 2.06772625e+05]
vav.res.EHea=[0e+00, 0e+00, 0e+00, 0e+00, 0e+00, 0e+00, 0e+00, 0e+00, 0e+00, 0e+00, 0e+00, 0e+00, 0e+00, 0e+00, 0e+00, 0e+00, 0e+00, 0e+00, 0e+00, 0e+00, 0e+00, 0e+00, 0e+00, 0e+00, 0e+00, 0e+00, 0e+00, 0e+00, 0e+00, 0e+00, 0e+00, 0e+00, 0e+00, 0e+00, 0e+00, 0e+00, 0e+00, 0e+00, 0e+00, 0e+00, 0e+00, 0e+00, 0e+00, 0e+00, 0e+00, 0e+00, 0e+00, 0e+00, 0e+00, 0e+00, 0e+00, 0e+00, 0e+00, 0e+00, 0e+00, 0e+00, 0e+00, 0e+00, 0e+00, 0e+00, 0e+00, 0e+00, 0e+00, 0e+00, 0e+00, 0e+00, 0e+00, 0e+00, 0e+00, 0e+00, 0e+00, 0e+00, 0e+00, 0e+00, 0e+00, 0e+00, 0e+00, 0e+00, 0e+00, 0e+00, 0e+00, 0e+00, 0e+00, 0e+00, 0e+00, 0e+00, 0e+00, 0e+00, 0e+00, 0e+00, 0e+00, 0e+00, 0e+00, 0e+00, 0e+00, 0e+00, 0e+00, 0e+00, 0e+00, 0e+00, 0e+00]
vav.res.ECoo=[0e+00, 7.151837460696697e-03, 2.205449901521206e-02, 1.553348079323769e-02, 9.352604974992573e-04, 5.959654692560434e-03, -8.34655234375e+04, -1.7039903125e+05, -2.7980078125e+05, -4.01159e+05, -5.2233871875e+05, -6.52835375e+05, -7.898035e+05, -9.31017125e+05, -1.07642675e+06, -1.21531025e+06, -1.32481925e+06, -1.32482225e+06, -1.32482225e+06, -1.32482225e+06, -1.32482225e+06, -1.32482225e+06, -1.32482225e+06, -1.32482225e+06, -1.32482225e+06, -1.32482225e+06, -1.45533675e+06, -1.587077875e+06, -1.722072875e+06, -1.85739175e+06, -1.99521575e+06, -2.136251e+06, -2.28046375e+06, -2.42443925e+06, -2.57162325e+06, -2.7145355e+06, -2.82680275e+06, -2.82680575e+06, -2.82680575e+06, -2.82680575e+06, -2.82680575e+06, -2.82680575e+06, -2.82680575e+06, -2.82680575e+06, -2.82680575e+06, -2.82680575e+06, -2.9791415e+06, -3.1719935e+06, -3.365482e+06, -3.5599275e+06, -3.75054525e+06, -3.9510285e+06, -4.14988575e+06, -4.36038e+06, -4.546814e+06, -4.699675e+06, -4.8140775e+06, -4.8140775e+06, -4.8140775e+06, -4.8140775e+06, -4.8140775e+06, -4.8140775e+06, -4.8140775e+06, -4.8140775e+06, -4.8140775e+06, -4.8140775e+06, -4.9731085e+06, -5.167445e+06, -5.3627765e+06, -5.5616615e+06, -5.757351e+06, -5.9628025e+06, -6.174448e+06, -6.381594e+06, -6.5735055e+06, -6.73825e+06, -6.8611565e+06, -6.8611565e+06, -6.8611565e+06, -6.8611565e+06, -6.8611565e+06, -6.8611565e+06, -6.8611565e+06, -6.8611565e+06, -6.8611565e+06, -6.8611565e+06, -7.0213265e+06, -7.2167965e+06, -7.4140385e+06, -7.6156575e+06, -7.820682e+06, -8.031317e+06, -8.23647e+06, -8.450382e+06, -8.654164e+06, -8.828559e+06, -8.960297e+06, -8.9603e+06, -8.9603e+06, -8.9603e+06, -8.9603e+06]
